noise.pgm 9 2.000000 0.156104 4515
1 23 120 8 2
1 33 79 8 1
1 37 144 8 1
1 37 145 8 2
1 37 146 8 2
1 47 154 8 1
1 50 158 8 2
1 57 195 8 2
-1 58 63 8 1
1 58 163 8 1
1 59 208 8 1
1 60 164 8 1
1 60 208 8 1
-1 61 190 8 1
1 62 189 8 2
1 62 209 8 1
1 63 166 8 1
1 63 209 8 1
1 64 186 8 2
1 64 209 8 1
-1 65 61 8 1
1 65 168 8 2
1 65 184 8 2
1 65 209 8 1
-1 66 61 8 1
1 66 209 8 1
1 69 208 8 1
1 70 208 8 1
-1 71 60 8 1
1 71 208 8 1
-1 72 60 8 1
1 72 64 8 1
1 74 207 8 1
1 75 207 8 1
1 77 206 8 1
1 78 206 8 1
-1 80 59 8 1
1 80 205 8 1
-1 81 59 8 1
1 81 205 8 1
-1 82 59 8 1
-1 83 59 8 1
1 83 204 8 1
-1 84 59 8 1
1 84 204 8 1
-1 85 59 8 1
-1 85 112 8 2
1 86 150 8 2
-1 86 194 8 2
1 86 203 8 1
-1 87 59 8 1
-1 88 59 8 1
-1 88 142 8 2
1 88 202 8 1
-1 89 59 8 1
1 89 201 8 1
-1 90 59 8 1
-1 91 182 8 2
1 91 200 8 1
-1 92 180 8 2
-1 92 198 8 2
1 93 197 8 1
-1 94 60 8 1
1 94 135 8 1
-1 95 60 8 1
-1 95 134 8 1
1 95 195 8 1
-1 96 134 8 1
-1 97 61 8 1
-1 97 171 8 2
1 97 193 8 1
-1 98 61 8 1
1 99 168 8 1
-1 100 62 8 1
1 100 118 8 1
-1 100 133 8 1
-1 100 190 8 2
-1 101 117 8 1
1 101 130 8 1
-1 101 189 8 2
-1 104 64 8 1
-1 105 65 8 1
-1 105 177 8 1
-1 106 65 8 1
-1 107 65 8 1
-1 109 65 8 1
-1 110 65 8 1
-1 112 66 8 1
1 113 114 8 1
-1 113 180 8 1
-1 114 55 8 2
-1 114 67 8 1
-1 116 181 8 1
-1 117 114 8 1
1 119 89 8 1
-1 121 133 8 2
-1 122 132 8 2
1 123 64 8 1
1 123 73 8 2
-1 123 182 8 1
-1 124 73 8 2
1 124 87 8 1
-1 124 182 8 1
1 125 65 8 1
-1 125 86 8 1
-1 125 182 8 1
-1 126 70 8 1
-1 126 110 8 1
1 127 125 8 3
1 128 124 8 1
1 130 57 8 1
1 130 84 8 1
-1 131 53 8 1
-1 131 167 8 1
-1 132 53 8 1
1 132 120 8 1
1 132 159 8 1
-1 132 167 8 1
-1 133 53 8 1
1 133 158 8 1
-1 133 167 8 1
1 133 185 8 1
1 135 61 8 1
1 135 83 8 1
1 135 106 8 1
1 136 60 8 1
-1 136 60 8 2
-1 136 107 8 1
-1 137 50 8 1
-1 137 58 8 2
1 138 45 8 1
-1 138 103 8 1
1 139 45 8 1
-1 139 183 8 1
-1 140 105 8 1
-1 141 183 8 1
-1 141 188 8 1
1 142 111 8 1
-1 143 82 8 1
1 143 110 8 1
-1 143 183 8 1
-1 145 51 8 2
-1 146 49 8 2
1 146 108 8 1
-1 146 183 8 1
1 146 187 8 1
1 147 107 8 1
1 148 106 8 1
1 150 105 8 1
-1 152 46 8 2
1 152 104 8 1
1 153 103 8 1
-1 155 94 8 1
-1 155 102 8 2
-1 156 65 8 1
-1 156 81 8 1
1 156 95 8 1
1 156 101 8 1
1 156 189 8 1
1 157 66 8 1
1 158 160 8 1
1 159 64 8 1
-1 159 91 8 1
1 160 67 8 1
-1 160 185 8 1
-1 161 66 8 1
1 161 98 8 1
1 162 65 8 1
-1 162 81 8 1
-1 162 90 8 1
1 162 97 8 1
-1 164 63 8 1
1 164 68 8 1
1 165 95 8 1
-1 165 107 8 1
-1 166 65 8 1
1 166 88 8 1
1 166 94 8 1
-1 167 65 8 1
1 169 70 8 1
1 169 92 8 1
1 170 91 8 1
-1 170 91 8 2
-1 171 46 8 2
1 173 89 8 1
1 174 74 8 2
1 175 82 8 1
1 175 88 8 1
1 176 81 8 1
-1 178 57 8 1
-1 179 57 8 1
-1 180 45 8 1
1 180 46 8 1
-1 180 57 8 1
1 180 79 8 1
1 180 84 8 1
-1 181 45 8 1
-1 181 57 8 1
-1 182 81 8 1
-1 184 77 8 1
-1 186 56 8 1
1 186 57 8 1
1 187 45 8 1
1 187 57 8 1
1 190 155 8 1
-1 192 56 8 1
1 194 34 8 2
-1 194 36 8 2
1 194 39 8 1
-1 195 38 8 1
-1 196 79 8 1
-1 198 31 8 2
1 198 38 8 1
-1 198 187 8 1
1 199 166 8 2
-1 201 35 8 1
1 201 36 8 1
-1 201 61 8 2
-1 201 85 8 1
-1 201 187 8 1
1 202 34 8 1
1 203 83 8 1
1 203 87 8 1
1 204 33 8 1
-1 204 82 8 1
1 205 80 8 1
-1 205 87 8 1
1 205 88 8 1
1 206 35 8 1
-1 206 83 8 1
1 207 35 8 1
-1 208 85 8 1
1 208 86 8 1
-1 208 88 8 1
1 208 89 8 1
1 208 176 8 2
-1 208 186 8 1
1 209 32 8 1
-1 209 88 8 1
1 209 89 8 1
1 210 35 8 1
-1 210 88 8 1
1 210 177 8 1
-1 211 88 8 1
1 211 89 8 1
1 211 178 8 1
-1 212 77 8 1
-1 212 87 8 1
-1 212 88 8 1
1 212 178 8 1
-1 213 87 8 1
1 214 34 8 1
-1 214 87 8 1
1 214 89 8 1
1 214 179 8 1
-1 215 87 8 1
1 215 89 8 1
-1 216 87 8 1
1 216 180 8 1
-1 217 83 8 1
1 217 180 8 1
1 218 33 8 1
-1 218 89 8 2
-1 218 90 8 2
-1 219 85 8 1
1 219 181 8 1
1 220 181 8 1
1 222 182 8 1
1 223 182 8 1
-1 223 184 8 1
-1 224 98 8 2
1 224 182 8 1
-1 224 184 8 1
1 226 183 8 1
1 227 183 8 1
1 228 88 8 1
1 230 184 8 1
1 233 67 8 1
1 233 185 8 1
1 240 187 8 1
-1 242 104 8 2
1 243 188 8 1
1 244 188 8 1
-1 245 55 8 1
-1 250 8 8 1
1 251 76 8 1
1 251 190 8 1
-1 254 8 8 1
-1 254 53 8 1
1 254 54 8 1
-1 255 59 8 1
1 0 105 7 1
1 0 127 7 1
-1 1 126 7 2
-1 1 127 7 2
1 2 106 7 1
1 2 106 7 2
1 3 106 7 1
1 4 107 7 1
1 6 108 7 1
-1 7 104 7 1
1 7 109 7 1
1 9 110 7 1
1 11 55 7 2
1 11 57 7 2
1 11 58 7 2
1 11 59 7 2
-1 11 106 7 1
1 11 111 7 1
1 11 111 7 2
1 12 62 7 2
1 12 63 7 2
1 12 112 7 1
1 12 115 7 1
1 13 65 7 2
1 13 112 7 1
1 14 66 7 2
2 14 113 7 1
1 15 68 7 2
2 15 113 7 1
-1 15 113 7 2
1 16 39 7 3
1 16 69 7 2
1 16 112 7 1
-1 16 112 7 2
1 17 71 7 1
1 17 71 7 2
1 17 111 7 1
-2 17 111 7 2
1 18 72 7 2
-1 18 110 7 2
-1 18 127 7 1
1 18 127 7 2
1 19 69 7 2
2 19 74 7 1
1 19 74 7 2
1 19 126 7 2
1 20 74 7 1
2 21 75 7 1
1 21 75 7 2
-1 21 75 7 3
1 21 108 7 1
2 22 76 7 1
1 22 76 7 2
1 23 77 7 2
1 23 107 7 1
1 24 59 7 2
1 24 77 7 2
1 24 78 7 1
1 24 78 7 2
2 25 79 7 1
1 25 79 7 2
1 26 33 7 1
2 26 80 7 1
1 26 80 7 2
1 26 105 7 1
-1 27 32 7 1
1 27 33 7 1
1 27 80 7 1
1 27 80 7 2
-1 27 80 7 3
1 27 100 7 2
1 27 104 7 1
1 28 53 7 2
3 28 81 7 1
-1 28 98 7 1
2 28 98 7 2
1 28 103 7 1
1 28 103 7 2
-2 29 31 7 1
1 29 32 7 1
1 29 52 7 2
1 29 81 7 1
-1 29 96 7 1
1 29 96 7 2
-1 29 96 7 3
-1 29 97 7 1
1 29 97 7 2
1 29 97 7 3
1 29 104 7 1
-1 29 118 7 1
-2 30 31 7 1
1 30 32 7 1
2 30 82 7 1
1 30 82 7 2
-1 30 95 7 1
2 30 95 7 2
-1 30 97 7 2
3 30 104 7 1
-1 30 117 7 1
1 31 32 7 1
-1 31 94 7 1
2 31 94 7 2
3 31 104 7 1
1 32 83 7 1
1 32 83 7 2
-1 32 92 7 1
2 32 92 7 2
-1 32 93 7 1
1 32 93 7 2
1 32 93 7 3
3 32 104 7 1
-1 32 116 7 1
-2 33 30 7 1
1 33 47 7 2
1 33 84 7 1
-1 33 84 7 3
2 33 91 7 2
3 33 104 7 1
-1 33 115 7 1
-3 34 30 7 1
1 34 31 7 1
1 34 85 7 1
1 34 89 7 2
3 34 104 7 1
-2 35 30 7 1
-1 35 70 7 2
1 35 85 7 1
1 35 104 7 1
1 36 32 7 1
1 36 86 7 2
2 37 103 7 1
3 38 103 7 1
-1 38 103 7 2
-1 39 100 7 2
-1 39 112 7 1
-1 40 29 7 1
1 40 79 7 2
2 40 102 7 1
-2 41 29 7 1
1 41 96 7 1
-1 41 101 7 1
3 41 102 7 1
-3 42 29 7 1
1 42 40 7 3
-1 42 62 7 1
-1 42 62 7 2
1 42 95 7 1
-1 42 98 7 2
-1 42 100 7 1
-1 42 110 7 1
-1 42 111 7 1
-3 43 29 7 1
-1 43 53 7 2
-1 43 63 7 2
-1 43 64 7 2
-1 43 65 7 1
-1 43 68 7 2
1 43 71 7 1
-1 43 72 7 1
-1 43 72 7 2
-1 43 96 7 2
-1 43 99 7 1
3 43 101 7 1
-1 43 101 7 2
-2 44 29 7 1
-1 44 67 7 2
-1 44 74 7 2
1 44 94 7 1
-1 44 94 7 2
1 44 100 7 3
-1 44 109 7 1
-1 45 29 7 1
1 45 57 7 2
-1 45 59 7 1
-1 45 71 7 1
-1 45 72 7 1
2 45 72 7 2
-1 45 73 7 2
1 45 91 7 1
-2 45 91 7 2
1 45 92 7 1
-2 45 92 7 2
-1 45 92 7 3
2 45 100 7 1
-2 45 100 7 2
-1 46 35 7 1
-1 46 57 7 2
1 46 70 7 2
-1 46 71 7 1
1 46 71 7 3
1 46 73 7 2
-1 46 89 7 2
-1 46 90 7 2
1 46 98 7 3
-1 46 99 7 2
-1 46 108 7 1
-1 47 30 7 1
1 47 50 7 1
-1 47 54 7 2
1 47 61 7 1
-1 47 69 7 1
1 47 69 7 2
-1 47 69 7 3
1 47 70 7 3
-1 47 72 7 1
-1 47 88 7 2
1 47 92 7 2
1 47 93 7 2
1 47 98 7 1
-1 47 98 7 2
-1 47 98 7 3
-1 47 108 7 1
-2 48 30 7 1
-1 48 62 7 3
-1 48 68 7 1
2 48 68 7 2
-2 48 86 7 2
1 48 97 7 1
-1 48 97 7 2
-1 48 97 7 3
-1 48 107 7 1
-1 49 49 7 2
1 49 59 7 1
1 49 67 7 2
1 49 84 7 1
-2 49 84 7 2
1 49 84 7 3
1 49 96 7 1
-1 49 96 7 2
-1 49 96 7 3
-1 49 107 7 1
-2 50 31 7 1
-1 50 31 7 2
1 50 36 7 1
-2 50 64 7 1
1 50 64 7 2
2 50 65 7 1
-2 50 66 7 1
1 50 66 7 2
1 50 68 7 2
1 50 83 7 1
-1 50 87 7 1
1 50 94 7 1
-1 50 94 7 2
1 50 94 7 3
-1 50 95 7 2
1 51 55 7 1
1 51 63 7 1
-1 51 64 7 1
1 51 65 7 2
1 51 66 7 1
-1 51 67 7 1
1 51 93 7 1
-2 51 93 7 2
-2 52 32 7 1
1 52 35 7 1
1 52 55 7 1
-1 52 62 7 1
-1 52 65 7 1
-1 52 66 7 3
1 52 84 7 1
-1 52 86 7 2
1 52 92 7 1
-1 52 92 7 2
-1 52 106 7 1
-2 53 32 7 1
1 53 84 7 1
-1 53 87 7 1
-1 53 87 7 2
-2 54 32 7 1
1 54 35 7 1
-1 54 50 7 1
-1 54 55 7 1
-1 54 56 7 3
1 54 63 7 1
1 54 64 7 2
-1 54 89 7 1
-1 55 32 7 1
-2 55 56 7 1
-1 55 61 7 1
1 55 61 7 2
1 55 62 7 1
-1 55 63 7 1
1 55 63 7 2
1 55 85 7 1
1 55 91 7 1
-1 56 33 7 1
2 56 34 7 1
1 56 55 7 1
-2 56 56 7 1
1 56 57 7 1
-1 56 60 7 1
1 56 60 7 2
1 56 61 7 1
1 56 92 7 1
-1 56 104 7 1
-1 57 33 7 1
2 57 34 7 1
1 57 46 7 1
-1 57 55 7 3
1 57 57 7 1
-1 57 59 7 1
1 57 59 7 2
-1 57 61 7 1
-2 57 90 7 1
1 57 92 7 1
-1 58 48 7 1
-1 58 58 7 1
1 58 58 7 2
-1 58 60 7 1
1 58 85 7 1
1 58 92 7 1
-1 58 103 7 1
1 59 43 7 1
-1 59 51 7 1
1 59 55 7 1
1 59 92 7 1
1 60 33 7 1
1 60 33 7 2
1 60 35 7 1
1 60 41 7 1
1 60 53 7 1
1 60 57 7 3
-1 60 67 7 2
1 60 86 7 1
1 60 92 7 1
-1 61 31 7 1
1 61 32 7 1
-1 61 32 7 2
1 61 33 7 1
-1 61 35 7 1
1 61 36 7 2
1 61 43 7 1
-1 61 52 7 1
-1 61 56 7 1
1 61 56 7 2
-1 61 58 7 1
1 61 58 7 3
-1 61 65 7 2
-1 61 69 7 2
1 61 86 7 1
-2 61 91 7 1
1 61 92 7 1
-1 61 102 7 1
1 62 31 7 3
1 62 32 7 1
-1 62 35 7 1
-1 62 36 7 2
-1 62 40 7 2
1 62 40 7 3
-1 62 55 7 1
-1 62 57 7 1
1 62 57 7 2
1 62 64 7 1
-1 62 71 7 2
-1 62 72 7 2
-1 62 83 7 2
-1 62 84 7 2
-2 62 91 7 1
1 62 92 7 1
1 63 32 7 2
1 63 33 7 2
1 63 34 7 2
1 63 42 7 1
-1 63 43 7 1
1 63 48 7 1
-1 63 52 7 2
1 63 55 7 3
1 63 56 7 2
-1 63 63 7 2
-1 63 67 7 1
-1 63 67 7 2
-1 63 86 7 2
-2 63 91 7 1
1 63 92 7 1
1 64 28 7 2
-1 64 33 7 2
1 64 34 7 1
-1 64 34 7 2
1 64 39 7 1
-1 64 41 7 1
-1 64 43 7 1
-1 64 45 7 1
-1 64 48 7 1
-1 64 54 7 1
1 64 62 7 1
-1 64 62 7 2
-1 64 62 7 3
-1 64 70 7 2
-1 64 81 7 2
-1 64 82 7 2
-3 64 91 7 1
1 64 92 7 1
-1 64 101 7 1
-1 65 26 7 1
-1 65 26 7 3
2 65 28 7 1
-1 65 34 7 2
1 65 36 7 2
-1 65 37 7 2
1 65 38 7 3
-1 65 41 7 1
-1 65 44 7 1
-1 65 45 7 1
-1 65 53 7 1
-1 65 55 7 1
-1 65 61 7 2
2 65 68 7 2
1 65 69 7 2
1 65 80 7 1
-1 65 80 7 2
1 65 84 7 2
-2 65 91 7 1
1 65 92 7 1
-1 65 101 7 1
-1 66 26 7 1
1 66 32 7 1
-1 66 45 7 1
1 66 46 7 1
1 66 52 7 2
-1 66 53 7 1
-1 66 54 7 1
-1 66 54 7 3
1 66 60 7 1
-1 66 60 7 2
-1 66 60 7 3
1 66 69 7 2
2 66 79 7 1
-1 66 79 7 2
1 66 84 7 1
-2 66 91 7 1
1 66 92 7 1
1 67 27 7 1
-1 67 28 7 1
1 67 28 7 3
1 67 29 7 2
1 67 30 7 1
-1 67 39 7 1
1 67 41 7 1
1 67 46 7 1
-1 67 52 7 1
1 67 54 7 3
1 67 55 7 2
1 67 59 7 1
-1 67 67 7 1
1 67 67 7 2
1 67 70 7 1
-1 67 83 7 1
1 67 83 7 2
-2 67 91 7 1
-1 67 100 7 1
1 68 25 7 2
1 68 26 7 2
1 68 29 7 1
-3 68 29 7 2
-1 68 30 7 2
-1 68 30 7 3
1 68 33 7 2
-1 68 39 7 1
1 68 52 7 3
-1 68 53 7 1
-1 68 54 7 3
1 68 58 7 1
-1 68 58 7 3
1 68 78 7 1
1 68 82 7 2
-1 68 84 7 2
-1 68 91 7 1
-1 68 100 7 1
1 69 24 7 2
-1 69 27 7 1
1 69 28 7 1
-1 69 28 7 2
1 69 34 7 1
-1 69 36 7 1
-1 69 37 7 1
1 69 38 7 1
1 69 41 7 1
-1 69 51 7 1
1 69 51 7 2
-1 69 52 7 3
1 69 57 7 1
-1 69 57 7 2
-1 69 77 7 1
1 69 78 7 1
-1 69 91 7 1
-1 70 22 7 1
-1 70 32 7 3
-1 70 40 7 1
1 70 42 7 1
-1 70 52 7 1
2 70 56 7 1
-1 70 56 7 2
-1 70 91 7 1
1 70 93 7 1
-1 70 99 7 1
1 71 31 7 2
1 71 34 7 1
1 71 40 7 1
1 71 42 7 3
-1 71 50 7 1
2 71 55 7 1
-1 71 55 7 2
1 71 82 7 1
-1 71 91 7 1
2 71 93 7 1
-1 71 99 7 1
-1 72 7 7 1
1 72 23 7 2
-1 72 26 7 2
-1 72 37 7 2
-1 72 40 7 3
1 72 41 7 3
-1 72 42 7 3
1 72 50 7 1
-1 72 51 7 1
2 72 54 7 1
-1 72 54 7 2
-1 72 91 7 1
2 72 93 7 1
-1 73 39 7 2
1 73 40 7 1
-1 73 40 7 2
-1 73 42 7 1
-1 73 49 7 1
-1 73 53 7 2
1 73 53 7 3
-1 73 77 7 1
1 73 79 7 1
-1 74 30 7 1
1 74 33 7 1
-1 74 42 7 1
1 74 44 7 1
-1 74 48 7 1
-1 74 50 7 1
1 74 53 7 1
-1 74 53 7 2
-1 74 53 7 3
-1 74 77 7 1
1 74 79 7 1
-1 74 98 7 1
-1 75 24 7 2
-1 75 30 7 1
1 75 31 7 1
1 75 39 7 1
-1 75 42 7 1
-1 75 43 7 1
1 75 44 7 1
1 75 44 7 2
-1 75 48 7 1
3 75 52 7 1
-1 75 52 7 2
1 75 79 7 1
1 75 94 7 1
-1 75 98 7 1
-1 76 22 7 2
-1 76 24 7 1
-1 76 30 7 1
1 76 30 7 2
1 76 43 7 1
-1 76 44 7 1
-1 76 44 7 2
2 76 45 7 1
-1 76 49 7 1
1 76 51 7 1
1 76 51 7 3
-1 76 77 7 1
1 76 94 7 1
-1 77 7 7 1
-1 77 18 7 1
1 77 22 7 1
1 77 29 7 1
-1 77 32 7 1
-1 77 42 7 1
1 77 43 7 1
1 77 45 7 1
-2 77 47 7 1
-1 77 49 7 1
2 77 51 7 1
-1 77 51 7 2
-1 77 51 7 3
-1 77 78 7 1
-1 77 92 7 1
1 77 94 7 1
-1 77 97 7 1
1 78 22 7 1
-1 78 28 7 1
1 78 30 7 1
-1 78 31 7 1
1 78 33 7 1
-1 78 40 7 1
1 78 43 7 1
-1 78 43 7 2
2 78 50 7 1
-1 78 50 7 2
1 78 54 7 1
-1 78 78 7 1
-1 78 92 7 1
1 78 94 7 1
-1 78 97 7 1
1 79 25 7 1
1 79 30 7 1
-1 79 31 7 1
1 79 32 7 1
2 79 33 7 1
-1 79 40 7 2
1 79 47 7 2
1 79 50 7 1
1 79 85 7 1
-2 79 92 7 1
-1 80 27 7 1
1 80 28 7 1
-1 80 31 7 1
2 80 32 7 1
-1 80 40 7 1
1 80 40 7 2
1 80 41 7 1
1 80 41 7 3
-3 80 45 7 1
1 80 45 7 2
1 80 49 7 1
-2 80 49 7 2
-1 80 74 7 2
-1 80 78 7 1
-1 80 92 7 1
1 81 32 7 1
-2 81 33 7 1
1 81 37 7 1
1 81 37 7 2
-1 81 40 7 1
1 81 41 7 1
1 81 44 7 2
2 81 48 7 1
-1 81 48 7 2
1 81 54 7 1
1 81 79 7 1
-1 81 92 7 1
-1 81 96 7 1
-1 82 27 7 2
-1 82 31 7 1
-1 82 32 7 1
2 82 34 7 1
-2 82 36 7 1
-1 82 39 7 1
-1 82 40 7 2
1 82 43 7 2
1 82 44 7 2
1 82 44 7 3
-1 82 46 7 1
1 82 47 7 1
1 82 47 7 3
-1 82 96 7 1
1 83 34 7 1
-1 83 42 7 1
1 83 44 7 1
-1 83 44 7 2
1 83 47 7 1
-1 83 47 7 3
-1 83 93 7 1
1 84 20 7 3
-1 84 40 7 1
1 84 40 7 3
1 84 43 7 1
-1 84 45 7 1
2 84 46 7 1
-1 84 46 7 2
-1 84 93 7 1
-1 84 96 7 1
-1 85 19 7 1
1 85 24 7 1
2 85 36 7 1
1 85 45 7 1
-1 85 45 7 2
1 85 45 7 3
1 85 82 7 1
-2 85 93 7 1
-1 85 113 7 1
1 86 19 7 1
-1 86 23 7 1
1 86 24 7 1
-1 86 34 7 2
1 86 36 7 1
-1 86 37 7 1
1 86 40 7 2
1 86 42 7 1
-1 86 42 7 2
-1 86 42 7 3
1 86 44 7 3
-1 86 75 7 2
-1 86 76 7 2
-2 86 93 7 1
1 86 94 7 1
-1 87 17 7 1
1 87 21 7 1
-1 87 33 7 3
-1 87 38 7 3
1 87 41 7 1
-1 87 41 7 2
-1 87 43 7 1
1 87 43 7 2
2 87 44 7 1
-1 87 44 7 2
-1 87 68 7 2
-1 87 69 7 2
1 87 81 7 1
-1 87 93 7 1
1 88 21 7 1
-1 88 28 7 1
-1 88 34 7 3
-1 88 39 7 1
1 88 40 7 1
-1 88 40 7 2
-1 88 42 7 1
1 88 43 7 1
-1 88 43 7 2
1 88 43 7 3
1 88 52 7 1
1 88 73 7 2
1 88 74 7 2
1 88 75 7 2
1 88 76 7 2
-1 88 93 7 1
-1 88 113 7 1
1 89 23 7 1
-1 89 28 7 1
1 89 29 7 1
-1 89 40 7 3
-1 89 41 7 1
-1 89 42 7 2
-1 89 74 7 2
-1 89 75 7 2
-1 89 76 7 2
1 89 80 7 1
-1 89 93 7 1
1 90 19 7 1
-1 90 22 7 1
2 90 23 7 1
-2 90 28 7 1
1 90 30 7 1
-1 90 38 7 1
1 90 39 7 1
-1 90 91 7 1
-1 90 113 7 1
-1 91 18 7 1
-1 91 22 7 1
1 91 23 7 1
-1 91 25 7 1
-2 91 28 7 1
1 91 29 7 1
-1 91 30 7 1
-1 91 36 7 1
-1 91 38 7 1
1 91 39 7 1
2 91 41 7 1
-1 91 41 7 2
-1 91 87 7 1
-1 91 113 7 1
-1 92 4 7 1
-1 92 18 7 1
-1 92 36 7 1
-2 92 38 7 1
2 92 40 7 1
-1 92 40 7 2
1 92 78 7 1
-1 92 78 7 2
-1 92 87 7 1
-1 92 113 7 1
-1 93 38 7 1
2 93 39 7 1
-1 93 39 7 2
1 93 78 7 1
-1 93 87 7 1
-1 93 113 7 1
1 94 22 7 1
1 94 29 7 1
1 94 34 7 1
1 94 39 7 1
-1 94 39 7 2
-1 94 39 7 3
-1 94 87 7 1
1 95 29 7 1
1 95 37 7 1
1 95 37 7 3
-1 95 125 7 2
-2 95 126 7 2
1 95 127 7 1
-1 95 127 7 2
-1 96 17 7 1
1 96 17 7 2
1 96 18 7 1
1 96 18 7 3
-1 96 19 7 1
1 96 19 7 2
-1 96 28 7 1
1 96 39 7 2
1 96 77 7 1
-1 96 112 7 1
-1 96 123 7 2
-2 96 124 7 2
-1 96 125 7 2
-1 97 16 7 1
1 97 16 7 2
-1 97 16 7 3
-1 97 17 7 2
2 97 17 7 3
1 97 18 7 1
1 97 19 7 3
-1 97 28 7 1
1 97 30 7 1
-1 97 34 7 1
1 97 35 7 1
-1 97 36 7 1
1 97 37 7 1
-1 97 39 7 1
-1 97 39 7 3
1 97 40 7 1
1 97 40 7 2
1 97 77 7 2
1 97 78 7 2
1 97 95 7 1
-1 98 16 7 2
1 98 16 7 3
2 98 19 7 1
1 98 31 7 1
1 98 41 7 1
1 98 41 7 2
2 98 80 7 2
1 98 81 7 2
1 98 122 7 1
1 99 18 7 3
-1 99 29 7 1
-1 99 31 7 2
1 99 34 7 1
1 99 40 7 1
-1 99 41 7 1
2 99 42 7 1
2 99 82 7 2
1 99 83 7 2
1 99 120 7 1
-1 99 121 7 2
3 100 18 7 1
-1 100 18 7 2
1 100 26 7 1
1 100 28 7 1
-1 100 30 7 1
-1 100 30 7 2
-1 100 37 7 3
-1 100 40 7 3
-1 100 42 7 1
1 100 43 7 3
1 100 84 7 1
2 100 84 7 2
1 100 88 7 1
-1 100 93 7 1
-1 100 112 7 1
-1 100 120 7 2
1 101 18 7 1
1 101 23 7 2
1 101 24 7 2
1 101 25 7 2
1 101 26 7 1
1 101 30 7 1
-1 101 31 7 1
-1 101 32 7 2
1 101 32 7 3
-1 101 40 7 2
1 101 41 7 1
-1 101 41 7 3
-1 101 42 7 1
1 101 43 7 1
-1 101 43 7 3
1 101 85 7 1
1 101 85 7 2
-2 101 93 7 1
1 101 118 7 1
1 102 16 7 1
-1 102 26 7 2
-1 102 29 7 2
-1 102 31 7 1
2 102 40 7 1
-2 102 41 7 1
2 102 42 7 1
1 102 42 7 2
1 102 42 7 3
-1 102 43 7 1
1 102 44 7 3
1 102 86 7 1
2 102 86 7 2
-2 102 93 7 1
-1 102 111 7 1
1 102 118 7 1
1 103 5 7 1
2 103 16 7 1
-1 103 31 7 2
-1 103 35 7 1
-1 103 37 7 1
2 103 44 7 1
2 103 87 7 1
1 103 87 7 2
-2 103 93 7 1
-1 103 111 7 1
1 103 117 7 1
1 103 118 7 1
-1 104 8 7 1
1 104 16 7 1
1 104 30 7 1
-1 104 37 7 1
-1 104 42 7 1
2 104 43 7 1
1 104 58 7 1
2 104 88 7 1
1 104 88 7 2
-1 104 93 7 1
-1 104 111 7 1
1 104 117 7 1
1 105 6 7 1
-1 105 16 7 3
1 105 26 7 1
-1 105 37 7 1
1 105 41 7 1
-1 105 43 7 1
-1 105 44 7 1
1 105 88 7 1
1 105 110 7 2
1 105 116 7 1
-1 106 16 7 1
1 106 17 7 1
1 106 17 7 3
1 106 26 7 1
-1 106 38 7 1
1 106 41 7 1
-2 106 43 7 1
2 106 89 7 1
1 106 89 7 2
1 106 116 7 1
-1 107 2 7 1
-1 107 7 7 1
1 107 16 7 1
1 107 17 7 1
-1 107 25 7 1
2 107 26 7 1
1 107 41 7 1
-2 107 43 7 1
1 107 44 7 1
1 107 58 7 1
1 107 89 7 1
-1 107 92 7 1
-1 108 2 7 1
1 108 16 7 1
1 108 26 7 1
-1 108 38 7 1
-1 108 41 7 2
1 108 42 7 1
-2 108 43 7 1
2 108 45 7 1
2 108 90 7 1
-2 108 92 7 1
-1 108 107 7 1
1 108 115 7 1
-1 109 2 7 1
1 109 6 7 1
1 109 24 7 3
-1 109 25 7 3
-1 109 40 7 2
-1 109 41 7 3
1 109 42 7 2
-1 109 42 7 3
-1 109 44 7 2
-1 109 45 7 3
1 109 58 7 1
3 109 90 7 1
-2 109 92 7 1
-1 110 2 7 1
1 110 6 7 1
-1 110 25 7 1
2 110 44 7 2
1 110 45 7 2
1 110 58 7 1
-1 110 59 7 1
-2 110 92 7 1
1 110 114 7 1
-1 111 2 7 1
1 111 6 7 1
-1 111 25 7 1
-1 111 37 7 1
1 111 41 7 1
-1 111 45 7 2
-1 111 46 7 2
-1 111 47 7 1
1 111 58 7 1
1 111 91 7 1
-1 111 92 7 1
1 111 113 7 1
-1 112 2 7 1
1 112 6 7 1
1 112 30 7 1
1 112 43 7 1
-1 112 49 7 2
3 112 91 7 1
-1 112 92 7 1
-1 113 2 7 1
1 113 6 7 1
1 113 16 7 1
1 113 21 7 2
-1 113 33 7 1
1 113 36 7 3
1 113 37 7 2
-1 113 41 7 1
1 113 43 7 1
1 113 44 7 1
1 113 44 7 3
2 113 91 7 1
-1 113 92 7 1
1 113 113 7 1
-1 114 2 7 1
-1 114 3 7 1
1 114 6 7 1
1 114 16 7 1
1 114 33 7 1
-1 114 35 7 1
-1 114 38 7 2
1 114 40 7 1
-1 114 41 7 1
1 114 44 7 1
-1 114 44 7 2
-1 114 109 7 1
1 115 6 7 1
-1 115 35 7 1
-1 115 39 7 1
1 115 40 7 1
-1 115 41 7 1
1 115 43 7 1
1 115 92 7 1
1 115 112 7 1
-1 116 3 7 1
1 116 6 7 1
1 116 18 7 1
-1 116 34 7 1
1 116 37 7 1
1 116 37 7 2
-1 116 41 7 1
1 116 43 7 1
3 116 92 7 1
-1 117 3 7 1
-1 117 16 7 1
1 117 18 7 1
-1 117 35 7 3
1 117 38 7 1
1 117 92 7 1
1 117 111 7 1
-1 118 3 7 1
1 118 6 7 1
1 118 15 7 1
-1 118 16 7 1
-1 118 36 7 2
1 118 41 7 1
1 118 93 7 1
1 118 93 7 2
-1 118 105 7 1
1 118 111 7 1
1 119 15 7 1
1 119 39 7 1
1 119 39 7 2
-1 119 56 7 1
3 119 93 7 1
-1 119 104 7 1
1 119 110 7 1
1 119 111 7 1
1 120 15 7 1
-1 120 39 7 2
-1 120 53 7 2
1 120 93 7 1
-1 120 105 7 1
-1 120 109 7 2
1 120 110 7 1
1 121 15 7 1
1 121 17 7 1
-1 121 38 7 1
1 121 39 7 1
1 121 41 7 1
-1 121 51 7 2
1 121 53 7 2
-1 121 105 7 1
-1 121 109 7 2
1 122 15 7 1
-1 122 35 7 1
-1 122 39 7 3
1 122 40 7 1
2 122 94 7 1
-1 122 105 7 1
-1 122 107 7 2
1 123 24 7 1
-1 123 29 7 1
1 123 31 7 1
-1 123 33 7 1
-1 123 38 7 1
2 123 94 7 1
1 124 15 7 1
-1 124 16 7 1
-1 124 29 7 1
-1 124 33 7 1
1 124 34 7 1
1 124 37 7 1
1 124 94 7 1
-1 125 3 7 1
1 125 7 7 1
1 125 27 7 1
1 125 30 7 1
-1 125 31 7 1
1 125 32 7 1
-1 125 33 7 1
1 125 95 7 1
-1 126 3 7 1
1 126 7 7 1
-1 126 26 7 1
1 126 27 7 1
-1 126 29 7 1
1 126 30 7 1
1 126 32 7 1
1 126 35 7 1
1 126 42 7 2
2 126 95 7 1
-1 127 3 7 1
1 127 7 7 1
-1 127 26 7 1
1 127 27 7 1
-1 127 29 7 1
1 127 30 7 1
1 127 33 7 1
-1 127 34 7 1
1 127 35 7 1
-1 127 40 7 1
2 127 95 7 1
1 0 7 6 1
-1 0 40 6 1
-2 0 50 6 1
2 0 52 6 1
-2 0 63 6 2
1 1 7 6 1
-1 1 51 6 1
3 1 53 6 1
1 1 53 6 2
1 1 53 6 3
1 1 62 6 1
-1 1 62 6 2
1 2 7 6 1
-2 2 51 6 1
-1 2 51 6 2
2 2 53 6 1
1 2 53 6 2
-1 2 53 6 3
1 2 61 6 1
-1 2 61 6 2
1 3 7 6 1
-1 3 52 6 1
-1 3 52 6 2
4 3 54 6 1
2 3 54 6 2
2 3 60 6 1
-2 3 60 6 2
1 4 7 6 1
-2 4 52 6 1
1 4 54 6 1
1 4 55 6 1
1 4 55 6 3
1 4 59 6 1
-1 4 59 6 2
1 5 7 6 1
1 5 27 6 2
2 5 28 6 2
1 5 29 6 2
-1 5 53 6 1
-1 5 53 6 2
3 5 55 6 1
2 5 55 6 2
-1 5 55 6 3
1 5 58 6 1
-2 5 58 6 2
-1 6 3 6 2
1 6 7 6 1
2 6 31 6 2
2 6 32 6 2
1 6 32 6 3
-1 6 53 6 1
-1 6 53 6 2
-1 6 54 6 1
2 6 56 6 1
2 6 56 6 2
1 6 56 6 3
1 6 57 6 1
-1 6 57 6 2
1 7 2 6 1
-1 7 3 6 1
1 7 7 6 1
1 7 20 6 2
1 7 33 6 1
3 7 33 6 2
-1 7 33 6 3
1 7 34 6 2
1 7 34 6 3
-2 7 54 6 1
-1 7 54 6 2
5 7 56 6 1
1 8 2 6 1
-2 8 3 6 1
1 8 6 6 1
1 8 7 6 1
-1 8 19 6 1
1 8 19 6 3
1 8 34 6 2
-1 8 34 6 3
2 8 35 6 1
3 8 35 6 2
2 8 35 6 3
-1 8 42 6 1
-2 8 55 6 2
3 8 56 6 1
-2 8 56 6 2
-3 8 56 6 3
1 9 1 6 1
-1 9 3 6 1
1 9 7 6 1
1 9 19 6 1
1 9 36 6 1
5 9 36 6 2
-1 9 36 6 3
2 9 55 6 1
-1 9 55 6 2
-1 9 55 6 3
-3 9 63 6 1
2 9 63 6 2
1 10 0 6 1
-1 10 3 6 1
1 10 7 6 1
4 10 37 6 1
3 10 37 6 2
-1 10 37 6 3
1 10 45 6 1
-1 10 46 6 2
-1 10 47 6 1
3 10 54 6 1
-2 10 54 6 2
-1 10 62 6 1
2 10 62 6 2
-1 10 62 6 3
1 11 0 6 1
-1 11 3 6 1
1 11 7 6 1
-1 11 28 6 1
-1 11 30 6 3
5 11 38 6 1
3 11 38 6 2
1 11 38 6 3
-1 11 41 6 1
1 11 45 6 1
-1 11 47 6 1
2 11 53 6 1
-1 11 53 6 2
1 11 53 6 3
-1 11 60 6 1
-1 11 61 6 1
1 11 61 6 2
-1 11 63 6 3
-1 12 3 6 1
1 12 7 6 1
-1 12 29 6 1
2 12 29 6 2
4 12 39 6 1
4 12 39 6 2
-1 12 41 6 1
1 12 45 6 1
-1 12 47 6 2
-1 12 48 6 1
1 12 53 6 1
-1 12 53 6 2
-1 12 53 6 3
-1 12 60 6 1
-1 12 61 6 1
-1 13 3 6 1
1 13 7 6 1
1 13 16 6 1
1 13 16 6 3
-1 13 27 6 1
-1 13 27 6 3
1 13 28 6 2
4 13 40 6 1
2 13 40 6 2
1 13 40 6 3
-1 13 41 6 1
1 13 45 6 1
-1 13 48 6 1
-1 13 48 6 2
-1 13 49 6 1
3 13 52 6 1
-1 13 52 6 2
-1 13 59 6 3
-1 13 60 6 1
1 13 60 6 3
-1 14 3 6 1
1 14 7 6 1
-1 14 15 6 1
-1 14 15 6 3
5 14 16 6 1
-1 14 26 6 1
2 14 26 6 2
3 14 40 6 1
1 14 40 6 2
-1 14 40 6 3
-1 14 41 6 1
1 14 45 6 1
-3 14 48 6 1
5 14 48 6 2
-1 14 48 6 3
1 14 49 6 3
1 14 51 6 1
1 14 51 6 2
-2 14 59 6 1
1 14 59 6 2
-1 15 3 6 1
1 15 7 6 1
-5 15 15 6 1
3 15 16 6 1
-1 15 25 6 1
2 15 25 6 2
4 15 41 6 1
2 15 41 6 2
1 15 41 6 3
-1 15 42 6 1
1 15 45 6 1
-3 15 47 6 1
5 15 47 6 2
5 15 52 6 1
-2 15 58 6 1
1 15 58 6 2
-1 16 3 6 1
1 16 7 6 1
-4 16 15 6 1
2 16 16 6 1
-1 16 24 6 1
1 16 24 6 3
1 16 41 6 1
-1 16 41 6 3
1 16 42 6 1
2 16 42 6 2
2 16 42 6 3
2 16 45 6 2
-2 16 45 6 3
-2 16 46 6 1
3 16 46 6 2
3 16 46 6 3
5 16 52 6 1
-1 16 58 6 1
1 16 58 6 3
-1 17 3 6 1
1 17 7 6 1
1 17 16 6 1
-1 17 30 6 3
-1 17 35 6 2
1 17 42 6 1
-1 17 42 6 3
-1 17 44 6 1
2 17 44 6 2
2 17 52 6 1
-1 17 52 6 3
-2 17 57 6 1
1 17 57 6 2
-1 18 3 6 1
1 18 7 6 1
1 18 15 6 1
1 18 16 6 1
-1 18 51 6 2
1 18 51 6 3
-2 18 56 6 1
-1 19 3 6 1
1 19 7 6 1
2 19 15 6 1
1 19 16 6 1
1 19 41 6 3
1 19 48 6 1
-1 19 50 6 1
-1 19 50 6 2
6 19 51 6 1
-1 19 51 6 2
1 19 51 6 3
-2 19 56 6 1
1 19 56 6 2
1 19 56 6 3
-1 20 3 6 1
2 20 7 6 1
-1 20 14 6 1
1 20 15 6 1
-1 20 29 6 2
1 20 39 6 2
1 20 48 6 1
-1 20 48 6 3
-2 20 50 6 1
5 20 51 6 1
-1 20 51 6 2
-1 20 51 6 3
-2 20 55 6 1
1 20 55 6 2
-1 21 3 6 1
1 21 7 6 1
-2 21 14 6 1
1 21 18 6 1
1 21 26 6 3
-1 21 27 6 2
-1 21 28 6 2
-2 21 29 6 2
1 21 30 6 2
-1 21 31 6 1
-1 21 34 6 2
1 21 35 6 1
-2 21 35 6 2
-1 21 36 6 2
-1 21 37 6 1
1 21 37 6 2
1 21 39 6 2
1 21 47 6 1
-1 21 47 6 2
1 21 48 6 1
-2 21 48 6 2
-1 21 49 6 3
2 21 50 6 3
-2 21 55 6 1
1 21 55 6 2
1 21 55 6 3
-1 22 3 6 1
1 22 7 6 1
-1 22 14 6 1
1 22 14 6 3
1 22 16 6 1
-1 22 17 6 2
1 22 18 6 1
-1 22 20 6 3
-1 22 26 6 3
1 22 29 6 2
-2 22 30 6 2
1 22 31 6 1
-2 22 31 6 2
-1 22 32 6 2
-1 22 32 6 3
-1 22 33 6 2
-1 22 34 6 2
-3 22 36 6 1
2 22 36 6 2
2 22 36 6 3
1 22 37 6 2
-1 22 37 6 3
1 22 45 6 3
1 22 46 6 1
-5 22 46 6 2
1 22 47 6 1
-2 22 47 6 2
1 22 48 6 2
-2 22 49 6 1
2 22 49 6 2
1 22 49 6 3
5 22 50 6 1
-2 22 50 6 2
-2 22 50 6 3
-2 22 54 6 1
1 22 54 6 2
-1 23 3 6 1
2 23 7 6 1
-1 23 15 6 3
1 23 16 6 1
1 23 18 6 1
-1 23 27 6 2
-1 23 28 6 2
-1 23 31 6 2
-1 23 33 6 1
-1 23 34 6 1
-1 23 34 6 3
-1 23 35 6 1
1 23 35 6 2
3 23 35 6 3
-1 23 36 6 1
1 23 36 6 2
1 23 44 6 1
-3 23 44 6 2
1 23 46 6 2
2 23 47 6 2
-1 23 48 6 1
3 23 49 6 1
-3 23 49 6 2
-2 23 49 6 3
-2 23 54 6 1
1 23 54 6 2
-1 24 3 6 1
1 24 7 6 1
-5 24 15 6 1
-1 24 15 6 3
1 24 18 6 1
-1 24 24 6 2
-1 24 25 6 2
1 24 25 6 3
-1 24 27 6 2
-2 24 29 6 1
1 24 29 6 3
1 24 30 6 1
-1 24 30 6 2
-1 24 30 6 3
-1 24 31 6 1
-1 24 32 6 3
-3 24 33 6 1
1 24 33 6 2
-1 24 34 6 1
1 24 34 6 3
-1 24 35 6 1
2 24 35 6 2
1 24 42 6 1
-4 24 42 6 2
1 24 42 6 3
-2 24 43 6 3
-1 24 44 6 1
4 24 48 6 1
-4 24 48 6 2
-2 24 48 6 3
-1 24 53 6 1
-1 24 55 6 1
-1 25 3 6 1
1 25 7 6 1
-2 25 15 6 1
-1 25 15 6 2
1 25 15 6 3
-1 25 26 6 2
-1 25 27 6 1
1 25 29 6 1
1 25 32 6 2
-1 25 33 6 1
-1 25 34 6 1
1 25 34 6 2
1 25 34 6 3
2 25 41 6 1
1 25 46 6 3
2 25 47 6 1
-4 25 47 6 2
-2 25 47 6 3
-2 25 53 6 1
1 25 53 6 2
-1 26 3 6 1
1 26 7 6 1
-4 26 16 6 1
1 26 17 6 1
1 26 23 6 1
1 26 28 6 3
-1 26 30 6 2
-1 26 31 6 3
-2 26 32 6 1
-1 26 33 6 1
3 26 42 6 1
-1 26 43 6 2
-2 26 44 6 1
2 26 46 6 1
-1 26 52 6 1
-1 26 54 6 1
-1 27 3 6 1
1 27 7 6 1
-6 27 16 6 1
5 27 17 6 1
2 27 22 6 1
1 27 23 6 3
1 27 26 6 1
2 27 28 6 1
-1 27 30 6 1
1 27 30 6 2
-2 27 30 6 3
1 27 31 6 2
-1 27 31 6 3
3 27 42 6 1
1 27 43 6 1
-1 27 44 6 1
-1 27 44 6 2
-3 27 52 6 1
1 27 52 6 2
-1 28 3 6 1
1 28 7 6 1
-3 28 16 6 1
-1 28 16 6 2
1 28 16 6 3
4 28 17 6 1
1 28 23 6 1
1 28 27 6 2
-1 28 28 6 3
-1 28 29 6 1
1 28 29 6 2
-1 28 29 6 3
1 28 30 6 2
-1 28 31 6 1
1 28 32 6 1
-1 28 37 6 1
2 28 42 6 1
1 28 43 6 1
-1 28 44 6 1
-1 28 45 6 1
-1 28 52 6 1
-1 28 53 6 1
-1 29 3 6 1
-1 29 4 6 1
1 29 7 6 1
1 29 17 6 1
-2 29 17 6 2
-1 29 17 6 3
-1 29 18 6 1
-1 29 21 6 1
-1 29 23 6 3
-1 29 27 6 3
-2 29 28 6 1
-1 29 29 6 1
1 29 29 6 2
1 29 29 6 3
2 29 32 6 1
1 29 42 6 1
2 29 43 6 1
-4 29 45 6 1
1 29 46 6 1
-2 29 51 6 1
1 29 51 6 2
-1 30 3 6 1
2 30 7 6 1
1 30 15 6 2
-1 30 15 6 3
1 30 16 6 1
2 30 16 6 3
-1 30 17 6 1
-2 30 17 6 2
1 30 18 6 3
1 30 19 6 1
-1 30 19 6 2
1 30 20 6 3
-2 30 21 6 1
-1 30 23 6 2
-1 30 26 6 1
-2 30 28 6 1
1 30 28 6 2
1 30 28 6 3
-1 30 29 6 1
1 30 29 6 2
1 30 29 6 3
-1 30 31 6 1
1 30 32 6 1
-3 30 33 6 2
-1 30 33 6 3
-2 30 34 6 2
-1 30 35 6 2
1 30 42 6 1
-1 30 42 6 2
2 30 43 6 1
-4 30 45 6 1
2 30 46 6 1
-2 30 51 6 1
-1 31 3 6 1
2 31 7 6 1
2 31 16 6 1
1 31 16 6 2
-3 31 17 6 1
1 31 17 6 3
2 31 18 6 1
-1 31 18 6 2
-1 31 20 6 3
-1 31 21 6 1
-1 31 22 6 1
1 31 24 6 1
1 31 26 6 1
-2 31 27 6 1
-1 31 27 6 3
-1 31 28 6 1
1 31 28 6 2
1 31 31 6 1
-1 31 31 6 2
2 31 31 6 3
-1 31 32 6 2
-1 31 33 6 2
1 31 34 6 1
-1 31 36 6 1
-2 31 36 6 2
-1 31 40 6 2
1 31 41 6 1
-3 31 41 6 2
-3 31 45 6 1
3 31 46 6 1
-1 31 52 6 1
-2 32 3 6 1
-1 32 4 6 1
1 32 7 6 1
-2 32 13 6 1
2 32 13 6 2
-2 32 13 6 3
1 32 14 6 1
1 32 14 6 3
2 32 16 6 1
-2 32 16 6 2
1 32 16 6 3
2 32 17 6 1
-1 32 17 6 2
-1 32 17 6 3
1 32 18 6 2
1 32 18 6 3
-1 32 20 6 1
-1 32 22 6 1
-2 32 24 6 3
-1 32 27 6 1
1 32 27 6 2
2 32 30 6 1
-2 32 30 6 2
2 32 30 6 3
1 32 31 6 1
-1 32 31 6 2
1 32 34 6 1
2 32 34 6 2
-1 32 35 6 1
-1 32 35 6 2
-1 32 38 6 1
3 32 40 6 1
-3 32 40 6 2
-1 32 41 6 3
1 32 42 6 3
-2 32 45 6 1
3 32 46 6 1
-1 32 50 6 1
-2 33 3 6 1
-1 33 4 6 1
1 33 7 6 1
-4 33 13 6 1
-2 33 13 6 2
2 33 14 6 2
-1 33 14 6 3
2 33 15 6 1
-1 33 15 6 2
1 33 15 6 3
1 33 16 6 1
-2 33 16 6 2
-1 33 16 6 3
1 33 17 6 3
1 33 23 6 1
-2 33 26 6 1
-1 33 27 6 1
1 33 27 6 3
-1 33 28 6 1
2 33 29 6 1
-2 33 29 6 2
1 33 29 6 3
1 33 31 6 2
1 33 31 6 3
-2 33 33 6 1
1 33 33 6 2
1 33 34 6 2
1 33 35 6 2
1 33 35 6 3
-2 33 38 6 1
4 33 39 6 1
-1 33 39 6 2
1 33 39 6 3
1 33 40 6 2
-2 33 41 6 1
4 33 42 6 1
-1 33 45 6 1
3 33 46 6 1
-3 33 50 6 1
-1 34 3 6 1
-1 34 4 6 1
1 34 7 6 1
2 34 11 6 1
-2 34 12 6 1
2 34 12 6 2
-1 34 13 6 1
1 34 14 6 1
-4 34 14 6 2
1 34 14 6 3
-1 34 15 6 3
1 34 16 6 3
1 34 17 6 1
-1 34 17 6 2
-1 34 19 6 1
-1 34 20 6 1
1 34 20 6 3
1 34 21 6 1
-1 34 25 6 1
1 34 25 6 2
-1 34 25 6 3
-2 34 26 6 1
-1 34 26 6 3
-1 34 27 6 1
2 34 28 6 1
-2 34 28 6 2
2 34 28 6 3
-1 34 29 6 3
1 34 31 6 2
1 34 32 6 3
-1 34 33 6 1
-2 34 33 6 2
-3 34 34 6 2
-1 34 34 6 3
1 34 35 6 1
1 34 35 6 2
-3 34 38 6 1
4 34 39 6 1
1 34 39 6 2
-1 34 39 6 3
-2 34 41 6 2
1 34 41 6 3
1 34 42 6 1
-1 34 42 6 2
-1 34 42 6 3
4 34 46 6 1
1 34 47 6 1
-1 34 50 6 1
1 34 61 6 2
1 34 62 6 2
-2 35 3 6 1
1 35 7 6 1
-1 35 11 6 1
1 35 12 6 1
-1 35 12 6 2
1 35 14 6 1
1 35 15 6 2
-1 35 16 6 2
2 35 17 6 1
-1 35 17 6 2
-1 35 19 6 1
-1 35 19 6 3
-1 35 20 6 2
2 35 21 6 1
-2 35 25 6 1
1 35 25 6 3
-1 35 26 6 1
1 35 26 6 2
1 35 27 6 1
-1 35 27 6 2
2 35 27 6 3
-1 35 28 6 3
-1 35 29 6 1
1 35 32 6 2
1 35 33 6 2
-2 35 38 6 1
1 35 39 6 1
1 35 40 6 1
1 35 40 6 2
1 35 43 6 1
3 35 46 6 1
-1 35 49 6 1
-1 35 60 6 1
2 35 60 6 2
-2 36 3 6 1
-1 36 4 6 1
2 36 7 6 1
1 36 10 6 2
-3 36 12 6 2
1 36 13 6 1
-1 36 13 6 2
-1 36 15 6 1
1 36 16 6 1
1 36 16 6 3
-1 36 18 6 2
-3 36 20 6 2
1 36 20 6 3
1 36 21 6 2
-1 36 21 6 3
-2 36 24 6 1
1 36 24 6 2
-1 36 24 6 3
-2 36 25 6 1
-1 36 25 6 3
2 36 27 6 1
-2 36 27 6 2
-3 36 27 6 3
-1 36 28 6 1
-3 36 38 6 1
1 36 39 6 1
1 36 43 6 1
1 36 46 6 1
-3 36 49 6 1
-1 36 59 6 1
1 36 59 6 2
-2 37 3 6 1
-1 37 4 6 1
1 37 7 6 1
-1 37 11 6 3
1 37 13 6 2
-1 37 13 6 3
1 37 14 6 1
-1 37 14 6 2
-1 37 15 6 1
-1 37 15 6 2
1 37 16 6 1
3 37 22 6 1
1 37 22 6 2
1 37 22 6 3
-1 37 24 6 1
1 37 24 6 3
-2 37 25 6 1
1 37 25 6 2
5 37 26 6 1
-2 37 26 6 2
-1 37 27 6 1
-2 37 38 6 1
1 37 39 6 1
1 37 43 6 1
1 37 47 6 1
-2 37 49 6 1
-1 37 58 6 1
-2 38 3 6 1
-1 38 4 6 1
1 38 7 6 1
1 38 10 6 3
2 38 11 6 1
-1 38 11 6 2
1 38 12 6 3
1 38 13 6 1
1 38 14 6 2
2 38 16 6 1
-1 38 19 6 1
1 38 19 6 2
-1 38 20 6 1
1 38 21 6 2
-2 38 22 6 2
-2 38 23 6 1
-1 38 24 6 1
-1 38 24 6 3
3 38 25 6 1
-2 38 25 6 2
2 38 25 6 3
1 38 35 6 1
-2 38 38 6 1
1 38 45 6 1
2 38 47 6 1
-1 38 58 6 1
1 38 58 6 2
-2 39 3 6 1
-1 39 4 6 1
1 39 7 6 1
1 39 9 6 3
2 39 14 6 1
-1 39 15 6 1
-1 39 19 6 3
-1 39 20 6 3
-1 39 21 6 2
-1 39 23 6 1
2 39 23 6 2
2 39 23 6 3
-2 39 24 6 1
1 39 24 6 3
3 39 25 6 1
-1 39 25 6 2
-1 39 25 6 3
1 39 35 6 1
-1 39 38 6 1
-1 39 39 6 1
1 39 42 6 1
-2 39 46 6 1
3 39 47 6 1
1 39 47 6 2
-3 39 48 6 1
-2 39 57 6 1
-2 40 3 6 1
-1 40 4 6 1
1 40 7 6 1
-3 40 13 6 1
-1 40 14 6 3
1 40 20 6 3
-3 40 22 6 1
4 40 24 6 1
-2 40 24 6 2
1 40 35 6 1
-1 40 39 6 1
-1 40 39 6 2
2 40 42 6 1
-5 40 46 6 1
3 40 47 6 1
-3 40 48 6 1
1 40 48 6 2
-1 40 57 6 1
-1 41 3 6 1
1 41 7 6 1
-1 41 11 6 1
1 41 12 6 2
-1 41 12 6 3
1 41 13 6 1
-1 41 13 6 2
2 41 17 6 1
1 41 17 6 2
-2 41 18 6 1
-1 41 18 6 2
1 41 20 6 2
-2 41 20 6 3
-1 41 21 6 1
2 41 21 6 2
1 41 22 6 1
1 41 23 6 1
3 41 23 6 3
1 41 27 6 1
-1 41 37 6 1
2 41 37 6 2
-2 41 38 6 1
1 41 38 6 2
1 41 39 6 1
-5 41 46 6 1
3 41 47 6 1
-1 41 48 6 1
-2 42 3 6 1
2 42 7 6 1
-1 42 9 6 1
1 42 9 6 2
-1 42 11 6 1
2 42 12 6 1
-1 42 15 6 1
-2 42 16 6 1
1 42 17 6 1
-1 42 17 6 3
2 42 18 6 1
-1 42 18 6 2
1 42 19 6 2
-2 42 20 6 1
3 42 21 6 1
-1 42 21 6 2
1 42 21 6 3
-1 42 22 6 1
1 42 23 6 1
-1 42 23 6 2
-1 42 23 6 3
-1 42 25 6 1
-2 42 37 6 1
-1 42 38 6 1
2 42 39 6 1
3 42 41 6 1
-4 42 46 6 1
2 42 47 6 1
-1 42 56 6 1
-2 43 3 6 1
1 43 7 6 1
-1 43 14 6 1
-1 43 14 6 3
-1 43 16 6 3
1 43 17 6 3
1 43 18 6 2
-1 43 18 6 3
-3 43 19 6 1
2 43 20 6 1
2 43 20 6 3
-1 43 21 6 3
3 43 22 6 1
-1 43 22 6 2
-1 43 22 6 3
-1 43 23 6 1
-2 43 33 6 2
-1 43 34 6 2
-1 43 35 6 2
-2 43 36 6 2
-2 43 37 6 2
1 43 38 6 1
-3 43 38 6 2
-1 43 39 6 2
-2 43 46 6 1
1 43 47 6 1
-1 43 56 6 1
-1 44 2 6 1
-1 44 3 6 1
-1 44 4 6 1
1 44 7 6 1
2 44 8 6 3
-1 44 9 6 1
-1 44 9 6 3
1 44 10 6 1
1 44 11 6 2
-3 44 14 6 1
-1 44 15 6 2
-1 44 17 6 3
-1 44 18 6 1
1 44 18 6 2
-4 44 19 6 1
2 44 20 6 1
-1 44 20 6 2
-3 44 20 6 3
1 44 21 6 1
-1 44 21 6 2
3 44 21 6 3
-1 44 28 6 1
1 44 37 6 2
1 44 38 6 1
2 44 40 6 1
-1 44 40 6 2
-1 44 45 6 1
-1 44 46 6 1
-2 44 56 6 1
-1 45 2 6 1
-1 45 3 6 1
1 45 7 6 1
1 45 8 6 1
1 45 9 6 3
1 45 10 6 1
1 45 11 6 1
-1 45 12 6 1
1 45 15 6 2
-1 45 16 6 1
-1 45 18 6 2
-2 45 19 6 1
-1 45 20 6 2
3 45 20 6 3
2 45 39 6 1
-1 45 39 6 2
-3 45 56 6 1
-1 46 2 6 1
-1 46 3 6 1
-1 46 4 6 1
1 46 7 6 1
1 46 8 6 1
1 46 11 6 1
-2 46 12 6 1
1 46 14 6 1
-1 46 14 6 2
-1 46 15 6 1
1 46 18 6 3
-2 46 19 6 1
-1 46 19 6 2
2 46 20 6 1
-1 46 20 6 2
-1 46 20 6 3
-1 46 29 6 1
1 46 39 6 1
-1 46 43 6 1
-3 46 56 6 1
-1 47 2 6 1
-1 47 3 6 1
1 47 7 6 1
1 47 11 6 1
-1 47 12 6 1
1 47 14 6 1
1 47 14 6 2
-1 47 15 6 1
1 47 17 6 3
2 47 18 6 1
-1 47 31 6 1
-1 47 31 6 2
1 47 38 6 1
-1 47 43 6 1
-3 47 56 6 1
-1 47 62 6 2
1 47 63 6 1
-4 47 63 6 2
-1 48 2 6 1
-1 48 3 6 1
1 48 7 6 1
-1 48 8 6 1
3 48 8 6 2
-1 48 9 6 3
-1 48 14 6 1
1 48 15 6 2
-1 48 16 6 1
-1 48 16 6 2
-1 48 19 6 2
-1 48 19 6 3
2 48 20 6 1
2 48 20 6 2
2 48 20 6 3
-1 48 23 6 1
1 48 30 6 2
2 48 31 6 2
1 48 32 6 2
1 48 33 6 2
1 48 37 6 2
1 48 38 6 1
3 48 38 6 2
1 48 39 6 1
2 48 39 6 2
1 48 39 6 3
-1 48 43 6 1
1 48 47 6 1
-1 48 48 6 2
-1 48 49 6 2
-1 48 50 6 2
-1 48 51 6 2
-2 48 56 6 1
2 48 61 6 1
-3 48 61 6 2
1 48 61 6 3
1 48 62 6 1
-2 48 62 6 2
-1 48 62 6 3
1 49 0 6 2
-1 49 3 6 1
-1 49 4 6 1
2 49 8 6 1
-2 49 8 6 2
-1 49 8 6 3
2 49 9 6 3
1 49 13 6 1
-1 49 14 6 1
-1 49 14 6 2
1 49 15 6 1
-2 49 16 6 1
2 49 16 6 2
2 49 17 6 1
-1 49 17 6 2
-1 49 17 6 3
-1 49 18 6 1
1 49 19 6 2
-1 49 19 6 3
1 49 20 6 1
1 49 21 6 1
1 49 21 6 2
1 49 21 6 3
-1 49 23 6 1
-1 49 30 6 1
-1 49 37 6 1
1 49 40 6 1
4 49 40 6 2
-1 49 40 6 3
2 49 41 6 1
3 49 41 6 2
2 49 41 6 3
-1 49 43 6 1
1 49 47 6 1
-1 49 52 6 2
-1 49 53 6 2
-1 49 54 6 2
-1 49 56 6 1
2 49 60 6 1
-2 49 60 6 2
1 49 60 6 3
1 49 61 6 1
-1 49 61 6 2
-1 49 61 6 3
1 49 62 6 2
1 50 1 6 1
1 50 1 6 2
-1 50 3 6 1
-1 50 4 6 1
1 50 7 6 1
1 50 8 6 2
1 50 8 6 3
2 50 9 6 1
-1 50 9 6 2
-1 50 9 6 3
-1 50 11 6 1
-1 50 12 6 1
2 50 12 6 2
-1 50 15 6 2
2 50 16 6 3
1 50 20 6 1
-2 50 20 6 3
-2 50 21 6 3
-1 50 23 6 1
-1 50 37 6 1
3 50 42 6 1
5 50 42 6 2
-2 50 46 6 1
-1 50 56 6 1
3 50 59 6 1
-3 50 59 6 2
1 50 59 6 3
-1 50 60 6 3
-1 51 0 6 1
2 51 2 6 1
1 51 2 6 2
-1 51 3 6 1
-2 51 4 6 1
3 51 8 6 1
-1 51 8 6 3
-1 51 12 6 2
-2 51 14 6 2
-3 51 15 6 1
-1 51 17 6 1
-1 51 18 6 1
1 51 20 6 3
1 51 21 6 1
2 51 21 6 3
2 51 22 6 1
1 51 22 6 2
1 51 22 6 3
-1 51 23 6 1
4 51 43 6 1
4 51 43 6 2
-1 51 43 6 3
-3 51 46 6 1
-1 51 55 6 1
1 51 55 6 2
1 51 58 6 1
2 51 59 6 1
-1 51 59 6 3
-2 52 0 6 1
-1 52 0 6 2
-1 52 1 6 1
1 52 2 6 1
-1 52 4 6 1
3 52 8 6 1
1 52 13 6 1
1 52 15 6 1
1 52 17 6 2
-1 52 18 6 1
1 52 20 6 1
-2 52 21 6 1
-1 52 21 6 2
6 52 22 6 1
-1 52 28 6 1
1 52 29 6 1
-1 52 30 6 1
5 52 44 6 1
2 52 44 6 2
2 52 44 6 3
-4 52 46 6 1
-2 52 55 6 1
1 52 55 6 2
4 52 58 6 1
-1 52 58 6 2
-1 53 0 6 1
-2 53 1 6 1
1 53 2 6 1
-1 53 4 6 1
1 53 7 6 1
2 53 8 6 1
-1 53 12 6 1
3 53 13 6 1
-1 53 15 6 1
-2 53 19 6 1
2 53 20 6 1
-2 53 21 6 1
6 53 22 6 1
-1 53 23 6 1
1 53 29 6 1
-1 53 30 6 1
2 53 44 6 1
2 53 44 6 2
-2 53 44 6 3
-4 53 46 6 1
-1 53 54 6 1
2 53 54 6 2
-1 53 55 6 1
2 53 58 6 1
-1 53 58 6 3
-2 54 1 6 1
1 54 2 6 1
-2 54 4 6 1
1 54 7 6 1
3 54 8 6 1
-2 54 12 6 1
1 54 12 6 3
2 54 13 6 1
2 54 18 6 1
-2 54 19 6 1
1 54 20 6 1
-1 54 21 6 1
1 54 21 6 2
1 54 22 6 1
-2 54 22 6 2
-1 54 27 6 1
1 54 29 6 1
4 54 45 6 1
1 54 45 6 2
1 54 45 6 3
-3 54 46 6 1
-2 54 53 6 1
3 54 57 6 1
-1 54 57 6 2
-3 55 1 6 1
1 55 2 6 1
1 55 3 6 1
-2 55 4 6 1
1 55 7 6 1
2 55 8 6 1
2 55 13 6 1
1 55 17 6 1
-2 55 18 6 1
-1 55 18 6 2
1 55 20 6 1
-4 55 21 6 2
-2 55 22 6 2
2 55 23 6 2
1 55 24 6 2
1 55 24 6 3
-1 55 27 6 1
8 55 45 6 1
1 55 45 6 2
-2 55 46 6 1
-3 55 53 6 1
1 55 56 6 1
1 55 57 6 1
-4 56 1 6 1
1 56 2 6 1
2 56 3 6 1
-1 56 4 6 1
1 56 7 6 1
3 56 8 6 1
1 56 15 6 1
-1 56 17 6 3
-1 56 18 6 1
-1 56 18 6 3
-1 56 20 6 1
-1 56 20 6 2
1 56 21 6 2
-1 56 26 6 1
-1 56 27 6 1
-1 56 29 6 1
3 56 45 6 1
1 56 45 6 2
-1 56 45 6 3
-1 56 46 6 1
-1 56 53 6 1
1 56 53 6 3
-1 56 54 6 2
2 56 56 6 1
-1 56 60 6 1
-4 57 1 6 1
2 57 3 6 1
-2 57 4 6 1
1 57 7 6 1
2 57 8 6 1
-2 57 17 6 1
1 57 18 6 1
1 57 18 6 3
-1 57 19 6 1
-2 57 19 6 2
-1 57 21 6 1
-2 57 21 6 2
-1 57 26 6 1
1 57 28 6 1
-1 57 29 6 1
1 57 46 6 1
2 57 46 6 3
-1 57 47 6 2
-1 57 48 6 2
-1 57 49 6 2
-2 57 54 6 1
3 57 56 6 1
-1 57 56 6 2
1 57 63 6 1
-4 58 1 6 1
3 58 3 6 1
-2 58 4 6 1
1 58 7 6 1
1 58 8 6 1
-1 58 17 6 1
-1 58 17 6 2
-1 58 18 6 3
2 58 19 6 2
2 58 20 6 3
-1 58 21 6 2
6 58 46 6 1
1 58 46 6 2
1 58 47 6 2
-1 58 50 6 2
-1 58 51 6 1
-2 58 51 6 2
-1 58 52 6 1
-1 58 52 6 2
1 58 53 6 2
-3 58 54 6 1
1 58 55 6 1
2 58 56 6 1
-1 58 56 6 2
1 58 63 6 1
1 59 0 6 2
-3 59 1 6 1
3 59 3 6 1
-1 59 4 6 1
2 59 7 6 1
1 59 8 6 1
-2 59 18 6 1
-2 59 18 6 2
-1 59 25 6 1
1 59 27 6 1
-1 59 27 6 2
-2 59 28 6 1
1 59 28 6 2
5 59 46 6 1
1 59 46 6 2
-6 59 52 6 1
1 59 53 6 1
-1 59 54 6 1
4 59 55 6 1
-2 59 55 6 2
1 59 59 6 1
1 59 62 6 1
-1 60 1 6 1
4 60 3 6 1
-2 60 4 6 1
3 60 7 6 1
2 60 8 6 1
-1 60 13 6 1
1 60 20 6 1
-1 60 20 6 2
-1 60 20 6 3
1 60 24 6 2
-1 60 26 6 2
-1 60 26 6 3
-1 60 27 6 1
1 60 27 6 2
1 60 46 6 1
-4 60 52 6 1
1 60 53 6 1
2 60 54 6 1
-3 60 54 6 2
1 60 55 6 1
-1 60 55 6 3
-1 61 0 6 1
-1 61 1 6 1
3 61 3 6 1
-2 61 4 6 1
1 61 7 6 1
1 61 8 6 1
1 61 12 6 1
-1 61 13 6 1
1 61 15 6 1
-1 61 16 6 1
1 61 17 6 3
1 61 18 6 1
-1 61 19 6 1
1 61 20 6 1
1 61 25 6 2
3 61 47 6 1
1 61 47 6 3
-1 61 52 6 1
1 61 52 6 3
1 61 53 6 1
-3 61 53 6 2
-1 61 58 6 2
-1 62 1 6 1
-1 62 2 6 1
1 62 2 6 2
2 62 3 6 1
1 62 3 6 2
-1 62 4 6 1
3 62 7 6 1
-2 62 13 6 1
-1 62 15 6 1
1 62 16 6 3
2 62 17 6 1
-1 62 18 6 1
-1 62 19 6 1
-1 62 19 6 2
1 62 19 6 3
1 62 20 6 1
6 62 47 6 1
-1 62 59 6 1
1 62 59 6 2
1 62 61 6 1
-1 63 1 6 1
2 63 3 6 1
-1 63 4 6 1
3 63 7 6 1
2 63 13 6 3
-1 63 14 6 1
2 63 16 6 1
-2 63 16 6 3
1 63 17 6 1
-1 63 20 6 2
1 63 21 6 1
1 63 21 6 2
3 63 47 6 1
-1 63 47 6 3
1 63 54 6 1
1 63 60 6 1
-1 0 2 5 1
4 0 3 5 1
-1 0 4 5 1
1 0 19 5 1
-3 0 20 5 1
-1 0 20 5 2
-5 0 25 5 1
-2 0 25 5 2
9 0 26 5 1
3 0 26 5 2
-5 0 31 5 2
3 0 31 5 3
4 1 3 5 1
-1 1 20 5 1
-1 1 21 5 1
-1 1 25 5 1
-1 1 25 5 2
1 1 25 5 3
-2 1 26 5 3
2 1 27 5 1
2 1 27 5 2
2 1 27 5 3
3 1 30 5 1
-4 1 30 5 2
4 2 3 5 1
-1 2 4 5 1
1 2 13 5 2
1 2 14 5 2
-6 2 26 5 1
-2 2 26 5 2
8 2 27 5 1
3 2 27 5 2
-3 2 27 5 3
-1 2 28 5 1
3 2 29 5 1
-3 2 29 5 2
1 3 1 5 1
-2 3 1 5 2
3 3 3 5 1
-1 3 11 5 1
-1 3 13 5 1
1 3 15 5 2
-1 3 15 5 3
2 3 16 5 1
7 3 16 5 2
-1 3 26 5 2
-3 3 27 5 1
-2 3 27 5 2
-2 3 27 5 3
10 3 28 5 1
4 3 28 5 3
4 4 0 5 1
-1 4 0 5 2
1 4 0 5 3
-3 4 1 5 1
3 4 3 5 1
-1 4 4 5 1
-1 4 13 5 1
-1 4 13 5 2
-1 4 14 5 1
3 4 17 5 1
4 4 17 5 2
-3 4 17 5 3
3 4 18 5 1
3 4 18 5 2
4 4 18 5 3
1 4 22 5 1
-1 4 23 5 1
-1 4 23 5 3
-7 4 27 5 2
6 4 27 5 3
1 4 28 5 1
-1 4 28 5 2
-2 4 28 5 3
-1 4 31 5 1
2 4 31 5 2
-1 4 31 5 3
3 5 0 5 1
-1 5 0 5 2
-1 5 0 5 3
-3 5 1 5 1
4 5 3 5 1
-1 5 4 5 1
-2 5 14 5 1
-1 5 14 5 2
-1 5 15 5 1
-1 5 15 5 3
1 5 16 5 2
2 5 18 5 1
2 5 18 5 2
-3 5 18 5 3
2 5 19 5 1
2 5 19 5 2
3 5 19 5 3
-1 5 20 5 1
3 5 22 5 1
-4 5 23 5 1
-2 5 23 5 2
-1 5 26 5 2
1 5 26 5 3
2 5 27 5 1
-1 5 27 5 2
-2 5 27 5 3
-2 5 30 5 1
1 5 30 5 2
-4 5 31 5 1
3 5 31 5 2
2 5 31 5 3
-2 6 1 5 1
4 6 3 5 1
-1 6 4 5 1
2 6 8 5 1
1 6 8 5 3
-1 6 13 5 1
-2 6 14 5 1
2 6 14 5 2
3 6 19 5 1
4 6 19 5 2
-4 6 19 5 3
1 6 20 5 2
2 6 20 5 3
3 6 22 5 1
-1 6 23 5 2
1 6 23 5 3
-3 6 24 5 1
-2 6 24 5 2
-1 6 24 5 3
6 6 26 5 1
-3 6 26 5 2
-1 6 26 5 3
-3 6 30 5 1
2 6 30 5 2
2 6 30 5 3
-2 7 1 5 1
-1 7 2 5 1
3 7 3 5 1
-1 7 4 5 1
-2 7 7 5 1
1 7 7 5 2
-1 7 7 5 3
4 7 8 5 1
-1 7 12 5 1
1 7 12 5 2
-3 7 12 5 3
-2 7 13 5 1
2 7 13 5 3
11 7 20 5 1
3 7 20 5 2
-1 7 20 5 3
-1 7 21 5 1
3 7 22 5 1
-3 7 23 5 1
4 7 23 5 2
-5 7 23 5 3
-6 7 24 5 1
6 7 24 5 2
4 7 24 5 3
1 7 25 5 2
2 7 26 5 1
2 7 26 5 2
2 7 26 5 3
-6 7 29 5 1
3 7 29 5 2
-1 7 30 5 1
-2 8 1 5 1
-1 8 2 5 1
4 8 3 5 1
-1 8 4 5 1
-7 8 7 5 1
-1 8 7 5 3
2 8 8 5 1
-1 8 9 5 1
-1 8 11 5 3
-1 8 13 5 1
-1 8 17 5 2
-1 8 18 5 3
-1 8 20 5 2
2 8 21 5 1
2 8 21 5 2
1 8 21 5 3
6 8 22 5 2
-2 8 22 5 3
-2 8 23 5 1
2 8 23 5 2
1 8 23 5 3
-1 8 25 5 1
4 8 26 5 1
-1 8 26 5 2
-1 8 26 5 3
-2 8 28 5 1
2 8 28 5 2
-2 8 28 5 3
-2 9 1 5 1
-1 9 2 5 1
4 9 3 5 1
-11 9 7 5 1
2 9 8 5 1
1 9 8 5 2
-1 9 10 5 1
-1 9 13 5 1
-1 9 19 5 2
-1 9 20 5 3
2 9 24 5 1
-2 9 24 5 2
1 9 24 5 3
1 9 25 5 1
-5 9 25 5 2
1 9 25 5 3
-4 9 28 5 1
2 9 28 5 2
2 9 28 5 3
1 9 29 5 3
-2 10 1 5 1
-1 10 2 5 1
4 10 3 5 1
-1 10 4 5 1
-9 10 7 5 1
1 10 7 5 2
2 10 8 5 1
1 10 8 5 2
1 10 9 5 2
-1 10 13 5 2
-3 10 14 5 2
-2 10 15 5 2
-1 10 16 5 2
-2 10 17 5 2
-1 10 18 5 2
-1 10 18 5 3
-1 10 19 5 1
1 10 19 5 2
1 10 23 5 3
1 10 24 5 1
-4 10 24 5 2
11 10 25 5 1
-1 10 25 5 2
3 10 25 5 3
-5 10 27 5 1
2 10 27 5 2
-1 10 27 5 3
-1 10 28 5 1
-2 11 1 5 1
-1 11 2 5 1
4 11 3 5 1
-12 11 7 5 1
-1 11 7 5 2
6 11 8 5 1
1 11 9 5 1
1 11 9 5 3
-1 11 10 5 1
1 11 13 5 1
-1 11 13 5 2
1 11 13 5 3
1 11 14 5 1
-2 11 14 5 2
2 11 15 5 1
-2 11 15 5 2
-4 11 17 5 1
2 11 17 5 2
-3 11 17 5 3
-3 11 18 5 1
3 11 18 5 2
1 11 18 5 3
4 11 22 5 1
-8 11 22 5 2
3 11 22 5 3
-2 11 23 5 2
-4 11 23 5 3
8 11 24 5 3
2 11 25 5 1
-3 11 25 5 2
-3 11 25 5 3
-4 11 27 5 1
2 11 27 5 2
1 11 27 5 3
-2 12 1 5 1
-1 12 2 5 1
4 12 3 5 1
-1 12 4 5 1
-4 12 7 5 1
-2 12 7 5 2
2 12 7 5 3
3 12 8 5 1
2 12 8 5 2
-3 12 12 5 2
-1 12 13 5 3
-2 12 14 5 1
-1 12 15 5 1
-1 12 15 5 2
-1 12 16 5 1
3 12 16 5 2
-3 12 17 5 1
3 12 17 5 2
1 12 17 5 3
1 12 20 5 1
-1 12 20 5 2
1 12 20 5 3
1 12 21 5 1
-4 12 21 5 2
-3 12 21 5 3
-3 12 22 5 1
3 12 23 5 1
-4 12 23 5 2
5 12 23 5 3
2 12 24 5 1
-2 12 24 5 2
-3 12 24 5 3
-3 12 26 5 1
2 12 26 5 2
-1 12 26 5 3
-2 12 27 5 1
-2 13 1 5 1
-1 13 2 5 1
4 13 3 5 1
-1 13 4 5 1
-1 13 8 5 2
1 13 11 5 1
-3 13 11 5 2
-1 13 11 5 3
-1 13 12 5 1
-1 13 12 5 2
-1 13 13 5 1
1 13 13 5 3
2 13 14 5 1
1 13 14 5 2
1 13 14 5 3
-3 13 15 5 1
2 13 15 5 2
-2 13 15 5 3
-4 13 16 5 1
3 13 16 5 2
1 13 17 5 1
-1 13 19 5 1
1 13 19 5 2
5 13 21 5 1
2 13 21 5 3
-5 13 22 5 1
-1 13 22 5 2
-1 13 22 5 3
1 13 23 5 1
-1 13 23 5 3
-5 13 26 5 1
1 13 26 5 2
-2 13 27 5 1
1 13 31 5 1
-1 14 1 5 1
-1 14 2 5 1
4 14 3 5 1
-1 14 8 5 1
-2 14 8 5 2
1 14 9 5 2
2 14 10 5 1
-2 14 10 5 2
-1 14 10 5 3
-1 14 11 5 1
-2 14 13 5 1
2 14 14 5 2
-4 14 14 5 3
-3 14 15 5 1
2 14 15 5 2
-1 14 16 5 1
-1 14 17 5 2
-1 14 18 5 1
11 14 21 5 1
2 14 21 5 2
-8 14 22 5 1
-1 14 22 5 2
1 14 23 5 1
1 14 25 5 2
-2 14 26 5 1
1 14 26 5 2
-1 14 29 5 2
-1 14 30 5 2
-1 15 1 5 1
-2 15 2 5 1
4 15 3 5 1
-2 15 7 5 1
1 15 7 5 2
1 15 8 5 1
-1 15 8 5 2
3 15 9 5 1
-2 15 9 5 2
-1 15 11 5 1
1 15 12 5 3
-5 15 14 5 1
4 15 14 5 2
1 15 14 5 3
3 15 16 5 1
-3 15 16 5 2
-3 15 16 5 3
-4 15 17 5 2
3 15 17 5 3
-2 15 18 5 1
-3 15 18 5 2
-2 15 18 5 3
2 15 20 5 1
-4 15 20 5 2
3 15 20 5 3
6 15 21 5 1
-5 15 21 5 2
-4 15 21 5 3
-6 15 22 5 1
2 15 23 5 1
1 15 23 5 3
-6 15 25 5 1
1 15 25 5 2
-1 15 26 5 1
-1 16 1 5 1
-2 16 2 5 1
4 16 3 5 1
-3 16 6 5 1
2 16 7 5 1
2 16 7 5 3
2 16 8 5 1
-2 16 8 5 2
-3 16 8 5 3
-1 16 9 5 1
-1 16 9 5 2
5 16 10 5 1
1 16 10 5 3
1 16 11 5 1
-2 16 11 5 3
1 16 12 5 1
-1 16 12 5 2
-1 16 12 5 3
-8 16 13 5 1
3 16 13 5 2
-1 16 14 5 1
1 16 14 5 3
7 16 15 5 1
-4 16 15 5 2
-3 16 15 5 3
2 16 16 5 2
5 16 17 5 1
7 16 17 5 2
5 16 17 5 3
-2 16 18 5 1
-1 16 18 5 2
-1 16 19 5 1
-1 16 19 5 2
1 16 19 5 3
1 16 20 5 1
-1 16 20 5 2
-3 16 20 5 3
3 16 21 5 1
2 16 21 5 2
3 16 21 5 3
-3 16 22 5 1
5 16 23 5 1
-5 16 25 5 1
2 16 25 5 2
1 16 25 5 3
-1 17 1 5 1
-2 17 2 5 1
4 17 3 5 1
-1 17 4 5 1
2 17 5 5 2
-2 17 5 5 3
-1 17 6 5 2
4 17 6 5 3
3 17 7 5 1
-4 17 7 5 2
-4 17 7 5 3
2 17 8 5 1
1 17 8 5 2
-1 17 9 5 1
4 17 10 5 1
-2 17 12 5 1
2 17 12 5 2
-2 17 12 5 3
-3 17 13 5 1
1 17 13 5 2
1 17 13 5 3
1 17 14 5 1
-4 17 14 5 2
-5 17 14 5 3
2 17 15 5 2
-1 17 16 5 1
2 17 16 5 2
1 17 16 5 3
1 17 17 5 1
1 17 19 5 2
-2 17 19 5 3
1 17 20 5 3
2 17 21 5 1
1 17 21 5 2
-2 17 22 5 1
7 17 23 5 1
-1 17 24 5 1
-2 17 25 5 1
1 17 25 5 2
-2 17 30 5 1
4 17 30 5 2
-1 17 30 5 3
-1 17 31 5 1
1 17 31 5 2
-1 18 1 5 1
-2 18 2 5 1
4 18 3 5 1
-1 18 4 5 1
-1 18 5 5 1
-2 18 5 5 2
2 18 6 5 1
-3 18 7 5 1
3 18 8 5 1
-1 18 8 5 2
-1 18 8 5 3
-2 18 9 5 1
-1 18 9 5 2
1 18 9 5 3
-2 18 10 5 1
-1 18 10 5 2
-3 18 10 5 3
2 18 11 5 1
1 18 11 5 3
-7 18 12 5 1
4 18 12 5 2
9 18 13 5 1
-5 18 13 5 2
-3 18 13 5 3
-1 18 14 5 1
-2 18 15 5 1
-1 18 15 5 2
2 18 17 5 1
1 18 18 5 1
-5 18 19 5 1
2 18 20 5 1
4 18 21 5 1
10 18 23 5 1
-5 18 24 5 1
1 18 24 5 2
-1 18 24 5 3
-1 18 25 5 1
-4 18 29 5 1
2 18 29 5 2
1 18 31 5 2
-2 19 1 5 1
-2 19 2 5 1
4 19 3 5 1
-3 19 4 5 1
3 19 5 5 1
-1 19 5 5 2
2 19 6 5 1
-3 19 7 5 1
2 19 8 5 1
-3 19 9 5 1
-1 19 10 5 1
-1 19 10 5 2
4 19 10 5 3
-1 19 11 5 1
-5 19 11 5 3
2 19 12 5 1
-4 19 12 5 2
6 19 12 5 3
-2 19 13 5 1
-1 19 14 5 1
-1 19 15 5 1
2 19 17 5 1
-1 19 17 5 2
-8 19 19 5 1
1 19 20 5 1
5 19 21 5 1
-1 19 21 5 2
1 19 22 5 1
6 19 23 5 1
-1 19 23 5 3
-7 19 24 5 1
1 19 24 5 2
-1 19 28 5 3
-1 19 30 5 1
-3 20 1 5 1
-1 20 2 5 1
3 20 3 5 1
3 20 5 5 1
-1 20 6 5 2
-3 20 7 5 1
6 20 8 5 1
1 20 8 5 2
2 20 9 5 1
1 20 9 5 2
1 20 9 5 3
4 20 10 5 2
-4 20 10 5 3
-6 20 11 5 1
3 20 11 5 3
3 20 12 5 1
-2 20 12 5 2
-4 20 12 5 3
-3 20 13 5 1
-1 20 14 5 1
-1 20 15 5 1
1 20 17 5 1
1 20 17 5 2
3 20 18 5 2
-1 20 18 5 3
-4 20 19 5 1
3 20 19 5 2
3 20 19 5 3
1 20 20 5 1
-1 20 20 5 2
1 20 21 5 1
1 20 22 5 1
1 20 22 5 2
-1 20 23 5 3
-3 20 24 5 1
1 20 24 5 2
1 20 24 5 3
-5 20 28 5 1
-5 21 1 5 1
-1 21 2 5 1
3 21 3 5 1
-2 21 4 5 1
3 21 5 5 1
1 21 6 5 1
1 21 7 5 2
-2 21 8 5 1
-1 21 8 5 2
-3 21 9 5 1
5 21 9 5 2
-3 21 9 5 3
2 21 10 5 1
4 21 10 5 3
3 21 11 5 1
-1 21 11 5 2
-1 21 12 5 1
-4 21 13 5 1
-1 21 14 5 1
-1 21 16 5 2
1 21 16 5 3
-2 21 17 5 2
-2 21 18 5 1
-5 21 18 5 2
2 21 18 5 3
1 21 19 5 1
-6 21 19 5 2
6 21 20 5 1
-1 21 20 5 2
1 21 22 5 1
-5 21 23 5 1
-1 21 23 5 3
-1 21 24 5 1
-6 21 28 5 1
-4 22 1 5 1
-2 22 2 5 1
3 22 3 5 1
-1 22 4 5 1
-1 22 4 5 2
-2 22 4 5 3
1 22 5 5 1
-2 22 5 5 3
-1 22 6 5 1
2 22 7 5 1
1 22 7 5 2
-1 22 8 5 1
1 22 8 5 2
-1 22 8 5 3
-3 22 9 5 1
5 22 10 5 1
-2 22 10 5 2
3 22 10 5 3
-1 22 13 5 1
-2 22 14 5 1
-1 22 14 5 2
-1 22 18 5 1
-2 22 18 5 2
1 22 19 5 1
-1 22 19 5 2
1 22 20 5 1
-1 22 20 5 2
-1 22 20 5 3
1 22 22 5 1
-9 22 23 5 1
-7 22 28 5 1
-2 23 1 5 1
-2 23 2 5 1
3 23 3 5 1
-2 23 4 5 1
1 23 7 5 1
-3 23 7 5 2
1 23 7 5 3
2 23 8 5 2
-1 23 9 5 1
-3 23 9 5 2
4 23 9 5 3
1 23 10 5 1
-1 23 15 5 1
-2 23 15 5 2
-1 23 16 5 1
-1 23 17 5 1
1 23 17 5 2
7 23 19 5 1
-1 23 19 5 2
1 23 20 5 2
-10 23 23 5 1
1 23 27 5 1
-6 23 28 5 1
1 23 31 5 1
-3 23 31 5 2
1 23 31 5 3
1 24 0 5 1
2 24 0 5 2
1 24 0 5 3
-3 24 1 5 1
-1 24 1 5 2
-2 24 2 5 1
2 24 3 5 1
-1 24 3 5 3
-2 24 4 5 2
-1 24 5 5 1
1 24 6 5 2
1 24 7 5 1
-2 24 7 5 3
1 24 9 5 1
-2 24 9 5 2
-1 24 9 5 3
4 24 10 5 1
3 24 10 5 2
2 24 10 5 3
-1 24 15 5 1
2 24 15 5 2
1 24 16 5 2
-1 24 18 5 1
-1 24 18 5 3
3 24 19 5 1
9 24 19 5 2
-3 24 19 5 3
4 24 20 5 1
7 24 20 5 2
4 24 20 5 3
-2 24 21 5 1
-8 24 23 5 1
-2 24 25 5 2
-3 24 26 5 2
1 24 27 5 1
-1 24 27 5 2
-1 24 28 5 1
-1 24 29 5 2
7 24 30 5 1
-7 24 30 5 2
1 24 30 5 3
-1 24 31 5 3
2 25 0 5 2
-2 25 0 5 3
3 25 1 5 1
1 25 1 5 2
2 25 1 5 3
-3 25 2 5 1
2 25 3 5 1
7 25 4 5 1
2 25 4 5 3
-3 25 5 5 1
-1 25 5 5 2
1 25 5 5 3
-1 25 6 5 1
-1 25 6 5 2
1 25 6 5 3
-2 25 7 5 1
1 25 7 5 3
-2 25 8 5 2
-1 25 8 5 3
-2 25 9 5 1
1 25 10 5 2
1 25 14 5 1
1 25 14 5 3
-2 25 18 5 1
-1 25 19 5 2
7 25 21 5 1
9 25 21 5 2
-1 25 22 5 2
-1 25 22 5 3
-6 25 23 5 1
1 25 25 5 2
1 25 26 5 1
2 25 26 5 2
2 25 27 5 2
-1 25 27 5 3
-1 25 28 5 1
1 25 28 5 2
9 25 29 5 1
-5 25 29 5 2
2 25 29 5 3
1 25 30 5 2
1 25 31 5 2
-10 26 0 5 1
-1 26 0 5 2
10 26 1 5 1
-3 26 2 5 1
2 26 3 5 1
6 26 4 5 1
-2 26 6 5 1
-1 26 7 5 1
-1 26 8 5 1
-1 26 8 5 3
-2 26 9 5 1
5 26 10 5 1
-1 26 10 5 2
5 26 11 5 1
2 26 14 5 1
-1 26 15 5 1
-1 26 19 5 1
-1 26 20 5 1
-1 26 21 5 1
10 26 22 5 1
4 26 22 5 2
5 26 22 5 3
-5 26 23 5 1
-3 26 27 5 1
5 26 27 5 2
1 26 28 5 1
4 26 29 5 1
-1 26 29 5 2
-2 26 29 5 3
1 26 30 5 3
-10 27 0 5 1
11 27 1 5 1
-3 27 2 5 1
2 27 3 5 1
3 27 4 5 1
1 27 6 5 1
-1 27 6 5 2
-1 27 6 5 3
1 27 7 5 1
-1 27 8 5 1
-4 27 9 5 1
-1 27 9 5 3
-3 27 10 5 2
2 27 11 5 1
-2 27 11 5 3
1 27 12 5 1
1 27 12 5 3
-3 27 13 5 1
1 27 13 5 2
3 27 14 5 1
-1 27 15 5 1
-1 27 19 5 1
-1 27 20 5 1
12 27 22 5 1
2 27 22 5 2
-2 27 22 5 3
-3 27 23 5 1
-2 27 26 5 1
1 27 26 5 2
7 27 28 5 1
-2 27 28 5 2
1 27 28 5 3
-8 28 0 5 1
9 28 1 5 1
-4 28 2 5 1
2 28 3 5 1
5 28 4 5 1
-1 28 8 5 1
-1 28 9 5 1
-2 28 9 5 2
1 28 9 5 3
-1 28 10 5 1
-3 28 10 5 3
-3 28 13 5 1
1 28 13 5 2
1 28 14 5 1
-1 28 14 5 3
-1 28 18 5 1
-1 28 19 5 1
-1 28 20 5 1
1 28 22 5 1
1 28 22 5 2
-2 28 22 5 3
-2 28 23 5 2
2 28 23 5 3
-2 28 24 5 2
1 28 26 5 3
-5 28 27 5 1
-1 28 27 5 2
-1 28 27 5 3
8 28 28 5 1
-1 28 28 5 2
-4 29 0 5 1
2 29 0 5 2
1 29 0 5 3
8 29 1 5 1
1 29 1 5 2
-4 29 2 5 1
3 29 3 5 1
4 29 4 5 1
1 29 7 5 1
-1 29 8 5 1
-1 29 8 5 2
-4 29 9 5 3
4 29 10 5 1
1 29 10 5 3
-2 29 12 5 1
1 29 12 5 2
1 29 13 5 1
-1 29 13 5 2
1 29 13 5 3
-4 29 14 5 1
1 29 14 5 2
-1 29 19 5 1
-1 29 20 5 1
-1 29 21 5 1
6 29 23 5 1
3 29 23 5 2
1 29 23 5 3
1 29 24 5 2
-3 29 25 5 2
1 29 25 5 3
-4 29 26 5 1
1 29 26 5 2
-2 29 26 5 3
-1 29 27 5 2
4 29 27 5 3
1 29 28 5 1
-2 29 28 5 2
-2 29 28 5 3
-1 29 30 5 1
3 29 31 5 1
-4 30 0 5 1
-2 30 0 5 2
5 30 1 5 1
-5 30 2 5 1
3 30 3 5 1
3 30 4 5 1
-1 30 4 5 3
-1 30 7 5 1
1 30 7 5 2
-1 30 7 5 3
-3 30 9 5 1
3 30 10 5 1
-1 30 12 5 1
-1 30 12 5 2
-1 30 13 5 1
3 30 13 5 2
-1 30 20 5 1
-1 30 21 5 1
11 30 23 5 1
1 30 23 5 2
2 30 25 5 2
-1 30 25 5 3
-5 30 26 5 1
-4 30 26 5 2
3 30 26 5 3
4 30 27 5 1
-2 30 27 5 2
-3 30 27 5 3
-1 30 28 5 1
1 30 28 5 2
1 30 29 5 1
-1 30 29 5 2
1 30 31 5 1
-2 31 0 5 1
1 31 1 5 1
1 31 1 5 2
-5 31 2 5 1
4 31 3 5 1
-1 31 6 5 1
-3 31 7 5 1
1 31 7 5 3
1 31 8 5 2
-1 31 9 5 2
2 31 10 5 1
1 31 10 5 2
-1 31 10 5 3
-2 31 11 5 1
1 31 11 5 2
-1 31 20 5 1
-1 31 21 5 1
-1 31 22 5 1
5 31 23 5 1
2 31 23 5 2
-2 31 23 5 3
-1 31 24 5 1
1 31 26 5 2
2 31 27 5 1
1 31 28 5 1
-1 31 28 5 3
-3 31 29 5 1
2 31 29 5 2
3 31 30 5 1
-2 31 30 5 2
-1 31 31 5 1
1 31 31 5 2
-1 31 31 5 3
4 0 1 4 1
-1 0 2 4 1
-2 0 3 4 1
-1 0 6 4 2
1 0 9 4 1
-7 0 10 4 1
-1 0 10 4 2
-1 0 10 4 3
1 0 11 4 2
-4 0 12 4 1
-4 0 12 4 2
3 0 12 4 3
16 0 13 4 1
6 0 13 4 2
4 0 13 4 3
6 0 15 4 1
-8 0 15 4 2
1 0 15 4 3
3 1 0 4 1
-2 1 0 4 2
3 1 0 4 3
4 1 1 4 1
-2 1 2 4 1
-2 1 3 4 1
-2 1 6 4 1
6 1 6 4 2
-2 1 6 4 3
13 1 7 4 2
-1 1 7 4 3
4 1 8 4 1
3 1 8 4 2
4 1 8 4 3
1 1 9 4 1
-6 1 10 4 1
-1 1 10 4 2
-1 1 11 4 2
1 1 12 4 1
-1 1 12 4 2
-9 1 13 4 1
-1 1 13 4 2
-7 1 13 4 3
9 1 14 4 1
-3 1 14 4 2
4 1 14 4 3
5 2 0 4 1
-5 2 0 4 2
-5 2 0 4 3
5 2 1 4 1
-2 2 2 4 1
-2 2 3 4 1
-1 2 4 4 2
1 2 4 4 3
-2 2 5 4 1
-1 2 5 4 2
-2 2 6 4 1
-3 2 7 4 1
-1 2 7 4 2
4 2 8 4 2
-2 2 8 4 3
14 2 9 4 1
9 2 9 4 2
10 2 9 4 3
-9 2 10 4 1
4 2 11 4 1
-5 2 11 4 2
3 2 11 4 3
7 2 13 4 1
-9 2 13 4 2
8 2 13 4 3
-7 2 15 4 1
9 2 15 4 2
-5 2 15 4 3
-2 3 0 4 1
4 3 1 4 1
-3 3 2 4 1
-3 3 3 4 1
-1 3 3 4 3
2 3 4 4 1
-2 3 5 4 1
-4 3 6 4 1
3 3 6 4 2
-4 3 6 4 3
-3 3 7 4 1
1 3 7 4 3
-1 3 8 4 1
-1 3 9 4 3
-2 3 10 4 1
7 3 10 4 2
7 3 10 4 3
14 3 11 4 1
2 3 11 4 2
-2 3 11 4 3
-6 3 12 4 1
16 3 12 4 2
-2 3 12 4 3
4 3 13 4 1
-2 3 13 4 2
-2 3 13 4 3
-4 3 14 4 1
4 3 14 4 2
-4 3 14 4 3
-4 3 15 4 1
3 3 15 4 2
3 3 15 4 3
-1 4 0 4 1
3 4 1 4 1
-2 4 2 4 1
-10 4 3 4 1
1 4 3 4 2
-1 4 3 4 3
2 4 4 4 1
1 4 4 4 2
2 4 4 4 3
-3 4 5 4 1
1 4 5 4 2
-1 4 5 4 3
-3 4 6 4 1
-1 4 6 4 2
-2 4 7 4 2
-2 4 8 4 1
-3 4 8 4 2
-3 4 9 4 2
2 4 9 4 3
3 4 10 4 1
1 4 10 4 2
-6 4 10 4 3
-4 4 11 4 1
5 4 11 4 2
4 4 11 4 3
-4 4 12 4 2
1 4 12 4 3
2 4 13 4 1
-2 4 13 4 2
-2 4 13 4 3
-12 4 14 4 1
7 4 14 4 2
4 4 14 4 3
-2 5 0 4 1
4 5 1 4 1
-2 5 2 4 1
-12 5 3 4 1
8 5 4 4 1
1 5 4 4 2
-1 5 5 4 2
-3 5 6 4 2
2 5 6 4 3
-3 5 7 4 1
-10 5 7 4 2
-2 5 7 4 3
-15 5 8 4 2
-5 5 9 4 1
3 5 9 4 2
-1 5 9 4 3
5 5 11 4 1
-13 5 11 4 2
5 5 11 4 3
9 5 12 4 1
-7 5 12 4 2
5 5 12 4 3
-10 5 13 4 1
4 5 13 4 2
-4 5 13 4 3
3 6 1 4 1
-2 6 2 4 1
-2 6 3 4 1
-1 6 3 4 2
2 6 3 4 3
14 6 4 4 1
-1 6 4 4 2
2 6 5 4 1
-3 6 5 4 2
3 6 5 4 3
2 6 6 4 1
-3 6 6 4 2
-2 6 6 4 3
-2 6 7 4 1
-11 6 8 4 1
7 6 8 4 2
5 6 8 4 3
-1 6 9 4 1
-1 6 9 4 3
19 6 10 4 1
2 6 10 4 3
5 6 11 4 1
-12 6 11 4 2
8 6 11 4 3
1 6 12 4 1
-1 6 12 4 2
-14 6 13 4 1
4 6 13 4 2
2 6 13 4 3
2 7 1 4 1
-2 7 2 4 1
-3 7 3 4 1
-1 7 3 4 3
2 7 4 4 1
-4 7 4 4 2
3 7 5 4 1
-2 7 6 4 1
-11 7 7 4 1
8 7 7 4 2
5 7 7 4 3
3 7 8 4 1
-9 7 8 4 2
1 7 8 4 3
-6 7 9 4 1
-3 7 9 4 2
16 7 10 4 1
-4 7 10 4 2
-1 7 10 4 3
3 7 11 4 1
-3 7 11 4 3
-2 7 12 4 1
2 7 12 4 2
-3 7 12 4 3
-2 7 13 4 1
1 7 15 4 1
-1 7 15 4 2
2 8 1 4 1
-2 8 2 4 1
1 8 2 4 2
-1 8 3 4 1
-5 8 3 4 2
7 8 3 4 3
6 8 5 4 1
2 8 5 4 3
-15 8 6 4 1
7 8 6 4 2
-6 8 6 4 3
9 8 7 4 1
-2 8 7 4 2
-10 8 7 4 3
-6 8 8 4 1
10 8 8 4 2
2 8 8 4 3
-14 8 9 4 1
7 8 10 4 1
5 8 10 4 2
3 8 10 4 3
-6 8 11 4 1
-1 8 11 4 3
-15 8 12 4 1
3 8 12 4 2
-3 8 12 4 3
1 8 14 4 1
-1 8 14 4 2
-1 8 15 4 1
6 8 15 4 2
-3 8 15 4 3
1 9 0 4 1
1 9 1 4 1
-3 9 2 4 1
1 9 2 4 3
-1 9 3 4 1
1 9 3 4 2
-2 9 3 4 3
5 9 5 4 1
2 9 5 4 2
-1 9 5 4 3
8 9 6 4 1
-4 9 6 4 2
7 9 6 4 3
-7 9 7 4 1
-1 9 7 4 2
1 9 7 4 3
2 9 8 4 1
-3 9 8 4 2
-13 9 9 4 1
-1 9 9 4 2
12 9 10 4 1
-2 9 10 4 2
-10 9 11 4 1
-14 9 12 4 1
2 9 12 4 2
1 9 12 4 3
1 9 13 4 1
-8 9 14 4 1
3 9 14 4 2
-4 9 14 4 3
-1 9 15 4 1
2 9 15 4 2
-2 10 0 4 1
-1 10 0 4 3
-1 10 2 4 1
-2 10 3 4 1
-2 10 3 4 2
2 10 4 4 1
4 10 4 4 2
-2 10 4 4 3
2 10 5 4 1
1 10 5 4 2
11 10 5 4 3
-1 10 6 4 1
-1 10 6 4 2
-1 10 6 4 3
-3 10 7 4 1
-3 10 8 4 2
-5 10 9 4 1
2 10 9 4 2
2 10 9 4 3
12 10 10 4 1
-3 10 10 4 2
-3 10 10 4 3
-8 10 11 4 1
1 10 11 4 3
-2 10 12 4 1
1 10 12 4 2
1 10 12 4 3
1 10 13 4 1
-9 10 14 4 1
2 10 14 4 2
-8 11 0 4 1
-1 11 0 4 3
1 11 1 4 1
2 11 2 4 1
-2 11 2 4 2
-9 11 3 4 1
-4 11 4 4 1
4 11 4 4 3
6 11 5 4 1
-5 11 5 4 2
-6 11 5 4 3
-1 11 6 4 1
-1 11 6 4 2
-5 11 7 4 1
-5 11 7 4 2
3 11 8 4 2
-4 11 8 4 3
5 11 9 4 1
6 11 9 4 3
-6 11 11 4 1
1 11 11 4 2
2 11 13 4 1
-6 11 14 4 1
1 11 14 4 2
1 11 14 4 3
2 11 15 4 1
-2 11 15 4 2
1 11 15 4 3
4 12 0 4 1
8 12 0 4 2
7 12 0 4 3
-1 12 1 4 1
7 12 2 4 1
-1 12 2 4 3
-5 12 3 4 1
-1 12 3 4 2
4 12 3 4 3
-5 12 4 4 1
-1 12 4 4 2
-3 12 4 4 3
6 12 5 4 1
2 12 5 4 2
2 12 5 4 3
1 12 6 4 2
-8 12 7 4 1
1 12 7 4 2
-3 12 8 4 1
1 12 8 4 3
-3 12 9 4 1
3 12 9 4 2
-2 12 9 4 3
10 12 10 4 1
21 12 10 4 2
3 12 10 4 3
-7 12 11 4 1
-1 12 11 4 2
-2 12 11 4 3
1 12 12 4 1
3 12 12 4 2
1 12 12 4 3
-3 12 13 4 2
5 12 14 4 1
-5 12 14 4 2
6 12 14 4 3
7 12 15 4 1
-4 12 15 4 2
-9 12 15 4 3
-1 13 0 4 1
-1 13 0 4 2
-2 13 0 4 3
-1 13 1 4 1
4 13 2 4 1
-1 13 2 4 2
3 13 3 4 1
-8 13 4 4 1
-2 13 4 4 2
-1 13 4 4 3
6 13 5 4 1
1 13 5 4 2
1 13 5 4 3
1 13 6 4 2
-5 13 7 4 1
1 13 7 4 2
-1 13 8 4 1
-4 13 9 4 1
-1 13 9 4 2
-4 13 10 4 1
2 13 11 4 1
8 13 11 4 2
5 13 11 4 3
1 13 12 4 1
-12 13 13 4 1
5 13 13 4 2
-4 13 13 4 3
21 13 14 4 1
-5 13 14 4 2
-2 13 14 4 3
-11 14 0 4 1
2 14 0 4 2
-2 14 0 4 3
-2 14 1 4 1
3 14 2 4 1
-7 14 4 4 1
-2 14 4 4 3
7 14 5 4 1
-3 14 5 4 2
-1 14 5 4 3
-7 14 6 4 1
1 14 6 4 2
-6 14 7 4 1
-3 14 9 4 1
-1 14 9 4 2
-5 14 10 4 1
-1 14 10 4 2
19 14 11 4 1
-12 14 12 4 2
2 14 12 4 3
-10 14 13 4 1
2 14 13 4 3
4 14 14 4 1
-6 14 14 4 2
-6 14 14 4 3
1 14 15 4 1
-1 14 15 4 2
1 14 15 4 3
-19 15 0 4 1
-6 15 0 4 3
-2 15 1 4 1
-1 15 2 4 3
-1 15 3 4 1
1 15 3 4 2
-1 15 4 4 1
3 15 4 4 3
2 15 5 4 1
2 15 5 4 2
-1 15 5 4 3
-2 15 6 4 1
5 15 6 4 2
-1 15 7 4 1
-1 15 8 4 1
-1 15 9 4 1
-5 15 10 4 1
-2 15 10 4 2
6 15 11 4 1
2 15 11 4 2
-4 15 11 4 3
2 15 12 4 2
-3 15 12 4 3
7 15 13 4 1
-4 15 13 4 2
-4 15 13 4 3
-1 15 14 4 1
2 15 14 4 2
-1 15 14 4 3
5 15 15 4 1
-2 15 15 4 2
1 0 0 3 1
-6 0 1 3 1
-1 0 1 3 2
-1 0 2 3 1
-1 0 2 3 2
-4 0 3 3 1
9 0 3 3 2
-3 0 3 3 3
4 0 4 3 1
2 0 4 3 3
-9 0 5 3 1
-3 0 5 3 2
-1 0 5 3 3
-6 0 6 3 1
1 0 6 3 2
-9 0 6 3 3
13 0 7 3 1
-13 0 7 3 2
2 0 7 3 3
-19 1 0 3 1
-4 1 0 3 2
-3 1 0 3 3
-7 1 1 3 1
-2 1 2 3 1
1 1 2 3 2
-1 1 2 3 3
-20 1 3 3 1
2 1 3 3 2
14 1 4 3 1
18 1 4 3 2
-16 1 4 3 3
8 1 5 3 1
-2 1 5 3 2
8 1 5 3 3
24 1 6 3 1
-5 1 6 3 2
17 1 6 3 3
-23 1 7 3 1
17 1 7 3 2
-12 1 7 3 3
-24 2 0 3 1
1 2 0 3 2
-14 2 1 3 1
-1 2 2 3 1
5 2 2 3 2
4 2 2 3 3
-2 2 3 3 1
-17 2 3 3 2
6 2 3 3 3
-14 2 4 3 1
-17 2 4 3 2
-10 2 4 3 3
4 2 5 3 1
6 2 5 3 3
41 2 6 3 1
-14 2 6 3 2
-23 2 6 3 3
-7 2 7 3 1
6 2 7 3 2
7 2 7 3 3
-25 3 0 3 1
-1 3 0 3 3
-7 3 1 3 1
1 3 1 3 2
17 3 2 3 1
-16 3 2 3 2
1 3 2 3 3
-16 3 3 3 1
12 3 3 3 2
-17 3 3 3 3
-14 3 4 3 1
-1 3 4 3 2
1 3 4 3 3
25 3 5 3 1
-6 3 5 3 2
10 3 5 3 3
-32 3 6 3 1
8 3 6 3 2
-4 3 6 3 3
2 3 7 3 1
-3 3 7 3 2
-34 4 0 3 1
-3 4 0 3 2
-2 4 0 3 3
-4 4 1 3 1
-2 4 1 3 2
5 4 1 3 3
-4 4 2 3 3
-11 4 3 3 1
4 4 3 3 3
-5 4 4 3 1
7 4 4 3 2
8 4 4 3 3
9 4 5 3 1
5 4 5 3 2
4 4 5 3 3
-19 4 6 3 1
5 4 6 3 2
7 4 6 3 3
-12 4 7 3 1
12 4 7 3 2
-7 4 7 3 3
-37 5 0 3 1
-1 5 0 3 3
-1 5 1 3 3
5 5 2 3 1
-2 5 2 3 2
14 5 2 3 3
-16 5 3 3 1
-7 5 3 3 2
4 5 3 3 3
-2 5 4 3 1
-5 5 4 3 2
1 5 4 3 3
-6 5 5 3 1
-3 5 5 3 2
-7 5 5 3 3
1 5 6 3 1
1 5 6 3 2
2 5 6 3 3
-7 5 7 3 1
3 5 7 3 2
4 5 7 3 3
-27 6 0 3 1
4 6 0 3 2
3 6 0 3 3
-6 6 1 3 2
5 6 2 3 1
-8 6 2 3 3
-13 6 3 3 1
4 6 3 3 2
-2 6 3 3 3
-14 6 4 3 1
-1 6 4 3 2
1 6 4 3 3
23 6 5 3 1
24 6 5 3 2
9 6 5 3 3
-2 6 6 3 1
11 6 6 3 2
-6 6 6 3 3
34 6 7 3 1
-10 6 7 3 2
-11 6 7 3 3
-16 7 0 3 1
3 7 0 3 2
4 7 0 3 3
-1 7 1 3 1
1 7 1 3 2
-3 7 1 3 3
5 7 2 3 1
-2 7 2 3 2
-13 7 3 3 1
6 7 3 3 2
1 7 3 3 3
-4 7 4 3 1
2 7 4 3 3
-9 7 5 3 3
-15 7 6 3 1
-14 7 6 3 2
11 7 6 3 3
3 7 7 3 1
-3 7 7 3 2
34 0 0 2 1
-13 0 0 2 2
-9 0 0 2 3
-26 0 1 2 1
10 0 1 2 2
-15 0 1 2 3
22 0 2 2 1
21 0 2 2 2
39 0 2 2 3
45 0 3 2 1
-17 0 3 2 2
-16 0 3 2 3
24 1 0 2 1
-2 1 0 2 2
4 1 0 2 3
-30 1 1 2 2
19 1 1 2 3
7 1 2 2 1
-29 1 2 2 2
26 1 2 2 3
-39 1 3 2 1
-2 1 3 2 2
-10 1 3 2 3
23 2 0 2 1
-5 2 0 2 2
4 2 0 2 3
-11 2 1 2 1
-4 2 1 2 2
25 2 1 2 3
44 2 2 2 1
-9 2 2 2 2
1 2 2 2 3
-43 2 3 2 1
24 2 3 2 2
-8 2 3 2 3
55 3 0 2 1
7 3 0 2 3
-2 3 1 2 1
2 3 1 2 2
-20 3 1 2 3
-17 3 2 2 1
13 3 2 2 2
-21 3 2 2 3
17 3 3 2 1
-27 3 3 2 2
12 3 3 2 3
-16 0 0 1 1
-19 0 0 1 2
9 0 0 1 3
52 0 1 1 1
33 0 1 1 2
4 0 1 1 3
22 1 0 1 1
-9 1 0 1 2
2 1 0 1 3
-20 1 1 1 1
-3 1 1 1 2
69 1 1 1 3
-100 0 0 0 1
-38 0 0 0 2
-38 0 0 0 3
640 0 0 0 0
