noise.pgm 9 2.000000 0.156104 6802
-1 0 68 8 1
1 0 129 8 2
1 0 133 8 2
1 0 134 8 2
1 0 140 8 2
-1 0 143 8 2
-1 0 144 8 2
-1 0 145 8 2
-1 0 146 8 2
-1 0 147 8 2
-1 0 148 8 2
-1 0 150 8 2
-1 0 151 8 2
-1 0 152 8 2
-2 0 153 8 2
-1 0 154 8 2
-1 0 155 8 2
-1 0 156 8 2
-1 0 166 8 2
-1 0 167 8 2
-1 0 168 8 2
-1 0 171 8 2
-1 0 173 8 2
-1 0 176 8 2
-1 0 177 8 2
-1 0 179 8 2
-1 0 181 8 2
-1 0 182 8 2
-1 0 186 8 2
-1 0 187 8 2
-1 0 189 8 2
-1 0 192 8 2
-1 0 195 8 2
-1 0 196 8 2
-1 0 200 8 2
-1 0 201 8 2
-1 0 205 8 2
-1 0 206 8 2
-1 0 208 8 2
-1 0 211 8 2
-1 0 212 8 2
-1 0 213 8 2
-1 0 241 8 2
-1 0 243 8 2
-1 0 245 8 2
-1 0 248 8 2
-1 0 252 8 2
-1 0 253 8 2
-1 1 165 8 2
-1 1 177 8 1
1 1 247 8 2
1 2 118 8 2
-1 2 166 8 1
1 2 167 8 1
1 2 173 8 1
-1 3 14 8 1
-1 3 62 8 1
1 3 200 8 2
1 4 5 8 1
-1 4 81 8 2
1 5 192 8 1
1 5 209 8 1
-1 6 4 8 1
-1 6 97 8 1
-1 6 97 8 2
1 6 118 8 1
-1 6 208 8 2
1 6 225 8 1
1 6 226 8 2
-1 6 230 8 1
1 6 231 8 1
-1 7 4 8 1
-1 7 14 8 1
-1 7 97 8 1
1 8 139 8 1
1 9 10 8 1
1 9 122 8 1
-1 9 125 8 1
1 9 134 8 2
-1 9 169 8 1
-1 10 45 8 1
-1 10 59 8 1
1 10 165 8 1
-1 10 169 8 1
1 10 172 8 1
1 10 252 8 2
1 11 99 8 1
1 11 116 8 1
-1 11 181 8 2
1 11 192 8 1
1 12 33 8 2
1 12 53 8 1
-1 12 62 8 1
1 13 40 8 1
1 13 54 8 2
-1 13 78 8 1
-1 13 131 8 2
1 13 253 8 2
-1 14 118 8 2
-1 14 252 8 2
1 15 77 8 1
1 15 113 8 1
-1 15 127 8 1
1 16 113 8 1
-1 16 132 8 1
1 16 169 8 2
1 17 120 8 1
-1 17 138 8 1
1 17 165 8 1
1 17 169 8 1
-1 17 249 8 1
1 17 255 8 1
1 18 29 8 1
-1 18 139 8 1
-1 18 163 8 2
1 18 165 8 2
-1 18 172 8 2
-1 19 161 8 2
-1 19 165 8 2
-1 19 166 8 2
1 19 210 8 1
-1 20 103 8 2
-1 20 104 8 2
1 20 164 8 2
1 20 251 8 1
-1 21 22 8 1
1 21 121 8 1
-1 21 131 8 1
-1 21 175 8 1
1 21 176 8 1
1 22 121 8 1
-1 22 173 8 1
-1 22 176 8 3
1 22 242 8 1
1 23 49 8 2
1 23 121 8 1
1 23 218 8 2
-1 24 13 8 1
-1 24 44 8 1
1 24 250 8 2
-1 25 13 8 1
-1 25 108 8 2
1 25 217 8 3
-1 26 13 8 1
-1 26 177 8 1
1 27 178 8 1
-1 28 183 8 1
1 28 184 8 1
1 29 159 8 1
1 29 184 8 1
1 29 205 8 2
-1 30 52 8 2
-1 30 66 8 2
1 30 179 8 1
-1 31 136 8 1
1 31 136 8 2
1 31 137 8 1
1 31 146 8 1
1 31 189 8 1
-1 31 215 8 2
-1 32 175 8 2
1 32 176 8 3
-1 33 172 8 2
1 33 189 8 1
-1 33 192 8 2
-1 34 138 8 2
1 34 147 8 3
-1 34 186 8 2
1 34 218 8 2
1 35 108 8 2
1 35 111 8 2
1 35 114 8 2
1 35 182 8 1
-1 35 228 8 2
-1 36 114 8 2
-1 36 169 8 1
-1 36 216 8 1
1 37 114 8 2
1 38 126 8 1
1 38 220 8 1
-1 39 102 8 1
-1 39 147 8 3
-1 39 219 8 1
1 39 220 8 1
-1 40 113 8 1
1 41 84 8 1
-1 41 108 8 2
-1 42 112 8 2
1 42 166 8 1
-1 42 183 8 1
1 42 218 8 2
1 42 230 8 1
-1 42 251 8 2
1 42 253 8 2
-1 43 37 8 1
1 43 220 8 1
-1 44 81 8 1
-1 44 166 8 1
1 45 120 8 2
1 45 151 8 2
1 45 158 8 2
-1 45 238 8 2
-1 46 37 8 1
-1 46 131 8 3
-1 46 202 8 2
1 46 208 8 1
-1 46 217 8 2
-1 46 219 8 2
1 47 81 8 1
-1 47 110 8 2
1 47 128 8 2
1 47 159 8 1
-1 47 223 8 1
-1 47 225 8 1
1 47 228 8 1
-1 47 229 8 1
1 48 49 8 1
-1 48 50 8 1
-1 48 82 8 2
-1 48 128 8 2
1 48 192 8 1
-1 48 224 8 2
1 48 234 8 1
1 49 158 8 1
1 49 228 8 1
-1 50 11 8 1
-1 50 156 8 2
-1 50 157 8 2
-1 50 163 8 1
-1 50 224 8 2
1 52 39 8 1
1 52 193 8 1
1 53 1 8 2
1 53 100 8 2
1 53 125 8 2
-1 53 138 8 2
-1 53 138 8 3
1 53 193 8 1
-1 54 3 8 2
-1 54 44 8 2
1 54 87 8 1
1 54 126 8 1
1 54 151 8 2
-1 55 86 8 1
-1 55 112 8 1
1 55 218 8 2
-1 56 86 8 1
1 56 100 8 1
1 56 123 8 2
1 57 9 8 2
-1 57 82 8 1
-1 57 117 8 2
-1 57 213 8 1
-1 57 223 8 2
-1 57 225 8 2
-1 58 11 8 1
-1 59 25 8 2
-1 59 86 8 1
-1 60 11 8 1
-1 63 91 8 2
-1 63 117 8 1
-1 63 148 8 1
1 63 149 8 2
-1 64 11 8 1
1 64 88 8 1
1 64 90 8 1
1 64 172 8 2
1 64 173 8 2
1 64 174 8 2
1 64 175 8 2
1 64 176 8 2
1 64 177 8 2
1 64 178 8 2
1 64 179 8 2
1 64 180 8 2
1 64 181 8 2
1 64 182 8 2
1 64 183 8 2
1 64 186 8 2
1 64 196 8 1
1 65 135 8 2
1 65 136 8 2
1 65 140 8 2
1 65 141 8 2
1 65 144 8 2
1 65 145 8 2
1 65 146 8 2
1 65 147 8 2
1 65 206 8 2
1 65 207 8 2
1 65 208 8 2
1 65 238 8 1
-1 66 11 8 1
1 66 91 8 2
1 66 107 8 2
1 66 108 8 2
1 66 109 8 2
-1 66 170 8 2
-1 66 172 8 2
-1 66 173 8 2
-1 66 174 8 2
-1 66 175 8 2
-1 66 176 8 2
-1 66 179 8 2
1 66 211 8 1
1 66 226 8 2
1 66 234 8 2
-1 66 246 8 2
-1 67 123 8 2
-1 67 124 8 2
-1 67 127 8 2
-1 67 129 8 2
-1 67 130 8 2
-1 67 131 8 2
-1 67 132 8 2
-1 67 134 8 2
-1 67 135 8 2
-1 67 136 8 2
-1 67 138 8 2
-1 67 139 8 2
-1 67 141 8 2
-1 67 144 8 2
1 67 227 8 1
1 67 229 8 1
1 67 252 8 2
1 67 255 8 2
-1 68 11 8 1
-1 68 82 8 2
-1 68 94 8 2
1 68 222 8 2
1 68 227 8 1
-1 68 229 8 1
-1 68 243 8 2
-1 69 11 8 1
-1 69 42 8 2
-1 69 44 8 2
-1 69 45 8 2
-1 69 46 8 2
-1 69 47 8 2
-1 69 50 8 2
-1 69 51 8 2
1 69 216 8 1
1 69 227 8 1
-1 70 216 8 1
1 70 227 8 1
-1 71 126 8 1
1 71 171 8 2
1 71 176 8 2
1 71 177 8 2
1 71 192 8 2
1 71 202 8 2
1 71 227 8 1
-1 71 228 8 1
1 72 81 8 2
1 72 82 8 2
1 72 93 8 2
1 72 189 8 1
-1 72 199 8 2
-1 72 201 8 2
-1 72 202 8 2
-1 72 203 8 2
-1 72 205 8 2
-1 72 206 8 2
-1 72 207 8 2
-1 72 208 8 2
-1 72 209 8 2
-1 72 210 8 2
-1 72 211 8 2
-1 72 213 8 2
-1 72 215 8 2
-1 72 216 8 2
-1 72 217 8 2
-1 72 218 8 2
-1 72 219 8 2
-1 72 220 8 2
-1 72 221 8 2
1 72 241 8 1
-1 73 62 8 2
-1 73 143 8 2
-1 73 146 8 2
-1 73 147 8 2
-1 73 148 8 2
-1 73 149 8 2
-1 73 150 8 2
-1 73 154 8 2
-1 73 155 8 2
-1 73 156 8 2
-1 73 157 8 2
-1 73 158 8 2
-1 73 159 8 2
-2 73 160 8 2
-1 73 161 8 2
-1 73 162 8 2
-1 73 163 8 2
-1 73 164 8 2
-1 73 165 8 2
-1 73 166 8 2
-1 73 167 8 2
-1 73 168 8 2
-1 73 169 8 2
-1 73 171 8 2
-1 73 175 8 2
-1 75 150 8 1
1 76 63 8 1
-1 76 150 8 1
1 77 64 8 2
-1 77 150 8 1
1 78 61 8 3
-1 78 150 8 1
1 78 185 8 1
-1 79 37 8 2
-1 79 150 8 1
1 79 249 8 1
-1 80 0 8 2
1 80 38 8 2
1 80 142 8 2
1 80 143 8 2
1 80 144 8 2
1 80 146 8 2
1 80 147 8 2
1 80 149 8 2
-1 80 150 8 1
1 80 154 8 2
1 80 156 8 2
1 80 159 8 2
1 80 162 8 2
1 80 163 8 2
1 80 199 8 2
-1 81 212 8 1
-1 82 216 8 2
-1 82 217 8 2
-1 82 220 8 2
-1 82 221 8 2
1 83 216 8 2
1 83 218 8 2
1 83 223 8 2
1 83 227 8 1
1 83 252 8 2
1 83 254 8 2
-1 84 71 8 2
-1 84 72 8 2
-1 84 77 8 2
-1 84 78 8 2
-1 86 67 8 1
-1 86 123 8 2
-1 86 146 8 2
-1 87 83 8 1
-1 88 83 8 1
1 88 144 8 2
-1 88 246 8 1
1 89 90 8 2
1 89 92 8 2
1 89 99 8 2
1 91 164 8 2
1 91 165 8 2
1 91 166 8 2
1 91 167 8 2
1 91 169 8 2
1 91 170 8 2
1 91 171 8 2
1 91 172 8 2
1 91 173 8 2
1 91 174 8 2
1 91 175 8 2
1 91 176 8 2
1 91 177 8 2
-1 91 182 8 2
1 92 195 8 1
1 92 197 8 2
1 92 199 8 2
1 92 201 8 2
1 92 202 8 2
2 92 203 8 2
1 92 204 8 2
1 92 206 8 2
1 92 207 8 2
1 92 208 8 2
1 92 209 8 2
1 92 215 8 1
1 92 217 8 2
1 93 187 8 1
1 93 195 8 1
1 93 235 8 2
1 93 236 8 2
1 93 237 8 2
1 93 239 8 2
1 93 242 8 2
-1 94 39 8 2
-1 94 41 8 2
-1 94 42 8 2
-1 94 43 8 2
-1 94 44 8 2
-1 94 45 8 2
1 94 210 8 1
-1 94 212 8 1
-1 95 55 8 2
-1 95 57 8 2
-1 95 58 8 2
-1 95 59 8 2
1 95 195 8 1
-1 95 205 8 1
1 96 53 8 1
-1 96 68 8 2
-1 96 69 8 2
-1 96 70 8 2
-1 96 71 8 2
-2 96 72 8 2
-1 96 73 8 2
-1 96 74 8 2
-1 96 76 8 2
-1 96 83 8 1
-1 96 252 8 2
-1 97 83 8 1
1 97 125 8 1
-1 98 50 8 2
-1 98 51 8 2
1 98 53 8 1
-1 98 101 8 2
-1 98 102 8 2
-1 98 103 8 2
-1 98 104 8 2
-1 98 105 8 2
1 98 245 8 2
-1 99 79 8 2
-1 99 80 8 2
-1 99 81 8 2
-1 99 83 8 1
-1 99 113 8 2
-1 99 114 8 2
-1 99 115 8 2
-1 99 116 8 2
-1 99 117 8 2
-1 99 118 8 2
-1 99 119 8 2
-1 99 120 8 2
-1 99 121 8 2
-1 99 122 8 2
-1 99 123 8 2
-1 99 124 8 2
1 99 170 8 2
1 99 179 8 1
-1 99 224 8 2
-1 100 83 8 1
-1 100 91 8 2
-1 100 92 8 2
-1 100 93 8 2
-1 100 94 8 2
1 100 95 8 1
-1 100 133 8 2
-1 100 134 8 2
-1 100 135 8 2
-1 100 136 8 2
-1 100 137 8 2
-2 100 138 8 2
-1 100 139 8 2
-1 100 140 8 2
1 100 189 8 2
1 100 206 8 2
-1 101 22 8 2
-1 101 23 8 2
-1 101 85 8 2
-1 101 152 8 2
-1 101 153 8 2
-1 101 154 8 2
-1 101 155 8 2
-1 101 156 8 2
-1 102 169 8 2
-2 102 170 8 2
-1 102 171 8 2
1 103 131 8 1
-1 104 127 8 2
-1 104 128 8 2
-1 104 129 8 2
-1 104 130 8 2
1 105 62 8 2
1 105 63 8 2
1 105 64 8 2
-1 106 175 8 2
-1 106 176 8 2
-1 106 177 8 2
-1 106 178 8 2
1 106 184 8 1
-1 107 29 8 2
-1 107 62 8 2
-1 107 63 8 2
-1 107 64 8 2
-1 107 65 8 2
1 108 35 8 1
-1 109 0 8 2
-1 109 82 8 2
-1 109 84 8 2
-1 110 114 8 1
1 110 115 8 2
1 110 118 8 1
1 111 118 8 1
-1 111 242 8 2
1 112 3 8 2
-1 112 118 8 2
1 115 137 8 2
1 115 139 8 2
1 115 140 8 2
1 115 141 8 2
1 115 142 8 2
-1 115 201 8 2
1 116 146 8 1
1 116 150 8 2
1 116 151 8 2
1 116 185 8 1
-1 117 109 8 2
-1 118 111 8 2
-1 118 119 8 1
1 118 124 8 2
-1 118 180 8 1
1 119 214 8 1
-1 120 26 8 2
-1 121 156 8 1
1 123 120 8 1
1 123 237 8 2
1 123 239 8 2
-1 124 131 8 1
1 125 147 8 2
1 125 148 8 2
1 125 246 8 2
1 126 45 8 2
1 126 48 8 2
-1 126 115 8 2
-1 126 218 8 1
1 126 248 8 2
1 127 13 8 1
1 127 49 8 2
-1 127 138 8 2
-1 127 220 8 2
1 128 51 8 2
-1 128 119 8 2
-1 128 127 8 2
-1 128 132 8 2
-1 128 133 8 2
1 128 207 8 1
-1 128 229 8 2
-1 128 232 8 1
1 128 233 8 1
-1 128 246 8 2
1 129 160 8 2
1 129 248 8 1
1 130 53 8 1
-1 130 163 8 2
1 131 54 8 1
-1 131 149 8 2
-1 131 160 8 3
1 131 162 8 2
1 131 251 8 2
1 132 3 8 1
-1 132 21 8 1
1 132 55 8 1
-1 132 155 8 2
1 132 169 8 2
1 132 250 8 2
1 133 20 8 2
-1 133 57 8 2
1 134 55 8 1
1 134 59 8 2
1 135 61 8 1
1 136 63 8 2
1 137 69 8 2
1 137 79 8 1
-1 138 180 8 1
1 139 2 8 2
1 139 7 8 2
1 139 12 8 2
1 139 65 8 2
1 140 166 8 2
1 141 88 8 2
1 141 89 8 2
-1 141 234 8 2
1 142 93 8 2
1 142 254 8 2
1 144 98 8 2
1 144 104 8 2
1 144 168 8 2
1 144 169 8 2
1 145 100 8 2
1 145 110 8 2
1 145 113 8 2
1 145 162 8 2
1 145 163 8 2
1 145 164 8 2
1 145 165 8 2
1 146 116 8 2
1 146 205 8 1
1 147 253 8 1
1 149 204 8 1
1 149 254 8 3
-1 149 255 8 2
1 150 181 8 2
-1 150 255 8 1
1 151 192 8 1
-1 151 240 8 1
1 152 190 8 1
-1 152 198 8 1
-1 153 215 8 1
1 154 32 8 2
1 154 216 8 1
1 154 251 8 2
1 155 239 8 2
-1 156 241 8 1
-1 157 211 8 1
-1 157 243 8 2
-1 158 187 8 1
-1 158 209 8 2
-1 158 254 8 1
1 159 189 8 3
1 160 29 8 2
1 160 216 8 1
-1 161 176 8 3
1 163 199 8 1
1 163 206 8 1
1 164 199 8 1
-1 166 230 8 1
-1 167 215 8 2
1 168 192 8 1
-1 168 241 8 1
1 168 245 8 2
1 171 206 8 1
-1 171 218 8 1
-1 173 225 8 2
1 174 232 8 2
-1 175 202 8 2
1 176 171 8 1
1 176 210 8 2
-1 176 223 8 1
1 176 229 8 1
1 178 216 8 1
-1 178 216 8 2
-1 179 182 8 2
-1 179 228 8 1
1 180 185 8 2
-1 181 236 8 1
1 182 228 8 2
1 183 224 8 2
-1 184 212 8 1
1 185 165 8 2
-1 186 219 8 1
1 187 210 8 2
1 189 231 8 1
1 189 241 8 2
-1 192 217 8 1
1 194 235 8 2
1 195 57 8 2
-1 195 160 8 2
1 196 92 8 1
-1 199 154 8 2
-1 202 148 8 2
1 202 211 8 1
-1 205 153 8 2
1 205 191 8 2
-1 205 222 8 2
1 208 65 8 1
-1 208 182 8 3
-1 208 235 8 2
1 208 241 8 2
1 208 242 8 2
1 208 244 8 2
1 209 229 8 3
-1 210 152 8 2
-1 210 228 8 2
-1 221 194 8 2
-1 222 207 8 1
1 225 211 8 2
1 228 249 8 2
1 229 210 8 1
1 229 218 8 2
-1 231 209 8 1
1 233 206 8 2
1 233 208 8 1
-1 234 205 8 1
-1 235 198 8 2
-1 235 221 8 2
1 237 206 8 1
-1 238 204 8 1
1 238 220 8 2
-1 240 204 8 1
1 240 206 8 3
1 241 193 8 1
-1 241 208 8 2
-1 241 212 8 2
1 242 28 8 1
-1 244 190 8 2
-1 244 191 8 2
-1 250 217 8 2
-1 252 196 8 2
-1 252 200 8 2
-1 252 207 8 2
-1 252 209 8 2
-1 252 212 8 2
-1 252 215 8 2
-1 252 216 8 2
-1 252 217 8 2
-1 252 227 8 2
-1 253 166 8 2
-1 254 124 8 2
-1 254 126 8 2
-1 254 127 8 2
-1 254 128 8 2
-1 254 129 8 2
-1 254 131 8 2
-1 254 133 8 2
-1 254 134 8 2
-1 254 135 8 2
-1 254 136 8 2
-1 254 137 8 2
-1 254 138 8 2
-1 254 140 8 2
-1 254 142 8 2
-1 255 76 8 2
-1 255 81 8 2
-1 255 82 8 2
-1 255 83 8 2
-1 255 85 8 2
-1 255 87 8 2
-1 255 88 8 2
-1 255 89 8 2
-1 255 90 8 2
-1 255 91 8 2
-1 255 92 8 2
-1 255 94 8 2
1 0 2 7 1
-1 0 7 7 1
1 0 13 7 1
1 0 20 7 1
-1 0 21 7 1
1 0 22 7 2
1 0 33 7 2
1 0 60 7 1
1 0 67 7 2
1 0 70 7 2
-1 0 72 7 2
-1 0 73 7 2
-1 0 74 7 2
-1 0 75 7 2
-1 0 76 7 2
-1 0 77 7 2
-1 0 78 7 1
-1 0 78 7 2
-1 0 83 7 2
-1 0 84 7 2
-1 0 85 7 2
-1 0 87 7 2
-1 0 88 7 2
-1 0 89 7 2
-1 0 91 7 2
-1 0 96 7 2
-1 0 99 7 2
-1 0 100 7 2
-1 0 102 7 2
-1 0 103 7 2
-1 0 104 7 2
-1 0 106 7 2
-1 0 110 7 2
-1 0 111 7 2
-1 0 126 7 2
1 1 2 7 1
-1 1 7 7 1
-1 1 18 7 1
-1 1 21 7 1
-1 1 25 7 3
-1 1 28 7 2
-1 1 33 7 2
1 1 40 7 2
1 1 49 7 3
1 1 59 7 1
1 1 60 7 1
-1 1 60 7 3
-1 1 69 7 2
-1 1 86 7 1
1 1 90 7 1
-1 1 91 7 1
1 1 94 7 1
1 1 100 7 3
-1 1 107 7 1
-1 1 121 7 2
-1 1 123 7 2
-1 2 5 7 2
-2 2 7 7 1
1 2 15 7 1
1 2 29 7 1
-1 2 45 7 2
1 2 46 7 1
1 2 71 7 1
-1 2 71 7 2
1 2 88 7 3
1 2 89 7 3
-1 2 93 7 2
-1 2 100 7 2
-1 2 103 7 1
1 2 104 7 1
-2 2 106 7 1
-1 2 110 7 1
-1 3 4 7 1
1 3 18 7 1
1 3 29 7 1
1 3 37 7 2
1 3 47 7 1
-1 3 48 7 2
1 3 55 7 2
1 3 70 7 1
-1 3 72 7 2
-1 3 82 7 2
1 3 85 7 1
1 3 85 7 2
-1 3 88 7 1
1 3 88 7 2
-1 3 99 7 2
-1 3 103 7 2
-1 3 109 7 1
-1 3 113 7 2
-1 3 115 7 2
1 4 10 7 1
-1 4 13 7 2
1 4 15 7 1
1 4 49 7 1
1 4 53 7 1
-1 4 62 7 1
1 4 67 7 2
1 4 69 7 3
1 4 84 7 1
1 4 85 7 1
-1 4 88 7 1
1 4 89 7 1
-1 4 93 7 1
1 4 94 7 2
-1 4 110 7 2
1 4 112 7 1
-1 5 7 7 1
1 5 20 7 1
1 5 20 7 2
1 5 20 7 3
-1 5 22 7 1
1 5 23 7 1
-1 5 23 7 2
-1 5 24 7 3
1 5 25 7 1
-1 5 34 7 3
1 5 49 7 1
1 5 67 7 3
-1 5 68 7 2
1 5 86 7 1
-1 5 90 7 1
-1 5 93 7 1
1 5 94 7 2
1 5 98 7 1
1 6 0 7 1
-1 6 4 7 1
1 6 12 7 2
1 6 23 7 1
1 6 26 7 3
1 6 27 7 2
-1 6 30 7 3
2 6 39 7 1
-1 6 42 7 2
-1 6 48 7 1
1 6 49 7 1
-1 6 54 7 2
-1 6 56 7 2
-1 6 57 7 1
-1 6 58 7 1
1 6 66 7 1
1 6 66 7 3
1 6 69 7 1
1 6 85 7 1
-1 6 89 7 1
-1 6 91 7 1
-1 6 93 7 1
-1 6 94 7 2
1 6 109 7 1
-1 7 4 7 1
-1 7 7 7 1
1 7 8 7 1
-1 7 9 7 2
-1 7 11 7 1
2 7 14 7 1
1 7 17 7 3
-1 7 24 7 1
1 7 37 7 1
1 7 39 7 1
2 7 49 7 1
-1 7 59 7 2
-1 7 60 7 2
1 7 64 7 1
-1 7 66 7 1
-1 7 66 7 3
1 7 67 7 1
1 7 67 7 3
1 7 68 7 1
-1 7 68 7 2
1 7 69 7 3
-1 7 70 7 2
1 7 83 7 2
-1 7 86 7 2
1 7 89 7 2
1 7 108 7 1
2 7 111 7 1
1 7 123 7 3
-1 7 126 7 1
-1 8 0 7 1
1 8 1 7 1
1 8 3 7 1
1 8 5 7 1
-1 8 7 7 1
-1 8 10 7 2
1 8 14 7 1
1 8 17 7 2
-1 8 43 7 1
-1 8 56 7 2
-1 8 58 7 1
1 8 59 7 1
-1 8 67 7 2
1 8 68 7 1
-1 8 80 7 1
1 8 100 7 1
-1 8 106 7 1
1 9 10 7 2
1 9 14 7 1
-1 9 22 7 1
1 9 24 7 1
-1 9 25 7 2
1 9 30 7 1
-1 9 31 7 1
1 9 35 7 1
-1 9 38 7 1
1 9 48 7 1
-1 9 57 7 1
-1 9 58 7 1
1 9 60 7 1
-1 9 65 7 3
1 9 67 7 2
-1 9 69 7 1
1 9 70 7 1
-1 9 80 7 2
-2 9 81 7 2
-1 9 82 7 1
1 9 83 7 1
-1 9 84 7 2
-1 9 85 7 2
-1 9 86 7 2
1 9 104 7 2
-1 10 7 7 1
1 10 24 7 1
-1 10 27 7 1
1 10 37 7 2
-1 10 52 7 2
-2 10 57 7 1
2 10 60 7 1
-1 10 64 7 1
1 10 85 7 2
-1 10 87 7 1
1 10 88 7 1
-1 10 94 7 1
-1 10 98 7 2
-1 10 106 7 1
1 11 5 7 1
1 11 14 7 1
1 11 21 7 1
1 11 26 7 2
1 11 40 7 1
-1 11 41 7 1
-2 11 57 7 1
2 11 60 7 1
-1 11 65 7 1
1 11 66 7 2
-1 11 67 7 2
-1 11 90 7 1
1 11 105 7 1
1 11 109 7 2
-1 11 126 7 1
1 11 127 7 1
-1 12 6 7 1
2 12 14 7 1
-1 12 41 7 1
1 12 42 7 1
-1 12 55 7 1
-1 12 57 7 1
1 12 60 7 1
1 12 61 7 2
1 12 66 7 1
-1 12 67 7 1
-1 12 67 7 3
-1 12 93 7 2
-1 12 102 7 2
-1 12 108 7 1
-1 12 109 7 2
-1 12 120 7 1
1 12 121 7 3
-1 12 126 7 1
1 13 0 7 1
-1 13 3 7 1
-1 13 6 7 1
1 13 14 7 1
1 13 26 7 1
1 13 39 7 1
-1 13 57 7 1
1 13 57 7 2
-1 13 67 7 2
-1 13 68 7 3
1 13 73 7 2
-1 13 88 7 1
1 13 88 7 2
1 13 89 7 3
-1 13 91 7 1
1 13 96 7 2
-1 14 6 7 1
1 14 6 7 2
1 14 14 7 1
1 14 28 7 1
1 14 39 7 1
-1 14 50 7 1
1 14 53 7 2
1 14 72 7 2
1 14 76 7 2
1 14 81 7 2
-1 14 83 7 3
-1 14 85 7 2
-1 14 87 7 1
1 14 89 7 1
-1 14 91 7 1
-1 14 93 7 2
1 14 104 7 1
1 15 4 7 2
-1 15 6 7 1
1 15 21 7 2
-1 15 24 7 1
1 15 38 7 1
-1 15 40 7 1
1 15 60 7 1
1 15 60 7 3
1 15 64 7 2
1 15 68 7 2
1 15 73 7 2
-1 15 76 7 2
-1 15 78 7 1
-1 15 83 7 1
-1 15 87 7 1
1 15 89 7 1
1 15 94 7 2
-1 15 95 7 2
1 15 100 7 2
-2 15 101 7 1
-1 15 107 7 1
1 15 110 7 1
-1 15 127 7 1
-1 16 6 7 1
-1 16 23 7 1
1 16 23 7 2
1 16 27 7 1
1 16 36 7 1
-1 16 37 7 1
-2 16 57 7 1
1 16 60 7 1
-1 16 60 7 3
1 16 63 7 2
2 16 67 7 2
-1 16 67 7 3
1 16 68 7 3
-1 16 75 7 2
-1 16 76 7 2
-1 16 79 7 2
1 16 84 7 1
-1 16 85 7 1
-1 16 87 7 2
2 16 89 7 2
1 16 90 7 2
1 16 94 7 1
-1 16 99 7 1
1 16 99 7 3
1 16 100 7 1
1 16 103 7 1
1 16 110 7 1
1 17 2 7 2
-1 17 23 7 1
-1 17 30 7 1
1 17 32 7 1
1 17 41 7 1
1 17 54 7 2
1 17 55 7 2
1 17 56 7 2
-1 17 57 7 1
1 17 57 7 2
-1 17 64 7 2
-1 17 72 7 2
-1 17 73 7 1
-1 17 73 7 2
1 17 83 7 2
1 17 84 7 1
-1 17 87 7 1
-1 17 93 7 2
-1 17 100 7 2
-1 17 108 7 1
1 17 108 7 2
1 17 109 7 1
-1 18 0 7 3
-1 18 1 7 1
-1 18 5 7 1
-1 18 23 7 2
-1 18 30 7 1
1 18 41 7 1
1 18 51 7 2
1 18 52 7 1
-1 18 56 7 2
-1 18 59 7 2
-1 18 77 7 1
1 18 78 7 1
-1 18 81 7 1
-1 18 83 7 2
1 18 86 7 2
1 18 91 7 1
-1 18 102 7 1
-1 18 108 7 1
1 18 110 7 1
1 18 113 7 1
1 18 127 7 1
1 19 2 7 1
-1 19 43 7 1
-1 19 44 7 2
-1 19 55 7 2
1 19 57 7 3
1 19 59 7 1
1 19 65 7 1
1 19 76 7 2
-1 19 78 7 3
1 19 79 7 2
1 19 83 7 3
-1 19 84 7 3
-1 19 86 7 1
1 19 90 7 1
-1 19 97 7 3
-2 19 102 7 1
-1 19 107 7 3
2 19 110 7 1
-1 19 127 7 3
1 20 13 7 1
1 20 16 7 1
-1 20 16 7 2
1 20 19 7 2
1 20 20 7 3
1 20 42 7 1
-1 20 43 7 2
-1 20 52 7 1
1 20 52 7 2
-2 20 54 7 2
-1 20 56 7 1
1 20 57 7 2
1 20 65 7 2
-1 20 77 7 3
-1 20 84 7 1
1 20 91 7 2
1 20 100 7 2
-1 20 108 7 2
1 20 110 7 1
-1 20 110 7 3
1 20 112 7 2
-1 21 0 7 2
1 21 13 7 1
2 21 20 7 1
-1 21 21 7 2
1 21 39 7 1
-1 21 45 7 1
-2 21 52 7 2
-1 21 53 7 2
1 21 66 7 1
-1 21 68 7 2
2 21 76 7 2
1 21 77 7 3
-1 21 83 7 3
-1 21 90 7 2
1 21 113 7 1
1 21 115 7 1
-1 22 6 7 2
1 22 13 7 1
2 22 20 7 1
1 22 20 7 2
-1 22 24 7 2
1 22 39 7 1
1 22 59 7 1
-1 22 61 7 2
1 22 72 7 3
-1 22 73 7 2
-1 22 76 7 1
1 22 77 7 1
1 22 79 7 2
-1 22 81 7 2
1 22 92 7 1
-1 22 93 7 1
-1 22 108 7 3
-1 22 109 7 1
1 22 113 7 1
-1 22 114 7 1
1 22 118 7 2
1 23 9 7 1
-1 23 18 7 1
1 23 21 7 1
1 23 21 7 2
-1 23 30 7 1
2 23 32 7 1
-1 23 35 7 2
1 23 36 7 1
1 23 40 7 1
-1 23 41 7 1
1 23 42 7 1
-1 23 55 7 2
-1 23 64 7 1
-1 23 78 7 1
1 23 79 7 1
-1 23 80 7 1
-1 23 91 7 1
1 23 92 7 1
-1 23 95 7 2
1 23 97 7 1
-1 23 97 7 3
1 23 106 7 1
1 23 108 7 3
-1 23 114 7 1
1 24 8 7 3
-1 24 18 7 1
-1 24 20 7 1
-1 24 30 7 1
2 24 32 7 1
-1 24 33 7 2
1 24 40 7 1
-1 24 41 7 1
1 24 48 7 1
-1 24 50 7 2
1 24 51 7 1
1 24 54 7 2
-1 24 57 7 2
-1 24 62 7 2
-2 24 64 7 2
-1 24 65 7 2
1 24 74 7 1
-1 24 76 7 1
-1 24 79 7 2
1 24 82 7 2
1 24 89 7 1
1 24 89 7 2
-1 24 91 7 2
-1 24 94 7 1
1 24 107 7 1
1 24 116 7 1
-1 24 117 7 3
1 24 127 7 2
-1 25 21 7 1
1 25 22 7 1
1 25 22 7 2
-1 25 29 7 1
2 25 32 7 1
-1 25 34 7 1
-1 25 35 7 1
1 25 38 7 1
1 25 39 7 1
1 25 39 7 2
-1 25 42 7 2
1 25 46 7 2
1 25 52 7 2
1 25 55 7 2
-1 25 88 7 2
-1 25 89 7 2
-1 25 95 7 3
1 25 96 7 1
1 25 96 7 3
1 25 107 7 2
-1 25 108 7 1
-1 25 112 7 3
-1 25 113 7 1
-1 25 114 7 1
1 25 116 7 1
1 26 0 7 2
-1 26 5 7 1
1 26 27 7 2
1 26 32 7 1
1 26 42 7 2
-1 26 47 7 3
1 26 54 7 1
-1 26 55 7 1
1 26 59 7 2
-1 26 61 7 1
1 26 69 7 1
-1 26 70 7 1
-1 26 73 7 1
1 26 76 7 2
-1 26 80 7 2
-1 26 85 7 2
-1 26 95 7 1
-1 26 99 7 2
-1 26 100 7 2
1 26 102 7 1
-1 26 111 7 1
1 26 112 7 2
-1 26 114 7 2
1 26 116 7 1
-1 26 116 7 2
-1 26 116 7 3
-1 27 0 7 2
-1 27 1 7 2
-2 27 2 7 2
-1 27 3 7 2
2 27 19 7 1
1 27 32 7 1
1 27 36 7 1
-1 27 40 7 3
1 27 41 7 2
-1 27 44 7 1
2 27 60 7 1
-1 27 61 7 1
1 27 105 7 2
-2 27 111 7 1
-1 27 117 7 2
2 28 0 7 2
2 28 1 7 2
1 28 2 7 2
1 28 3 7 2
1 28 4 7 2
-1 28 5 7 1
-1 28 14 7 2
1 28 20 7 1
1 28 36 7 1
-1 28 38 7 1
1 28 39 7 2
-1 28 40 7 2
-1 28 61 7 1
-1 28 70 7 2
-1 28 76 7 1
-1 28 111 7 1
1 28 115 7 1
-1 28 118 7 2
-1 29 5 7 1
-1 29 9 7 1
-1 29 13 7 2
1 29 20 7 1
-1 29 23 7 2
1 29 25 7 1
1 29 41 7 1
1 29 46 7 2
1 29 48 7 1
1 29 60 7 2
-1 29 62 7 3
-1 29 77 7 1
-1 29 94 7 1
-1 30 5 7 1
-1 30 17 7 1
1 30 20 7 1
-1 30 22 7 3
-1 30 24 7 1
-1 30 45 7 1
1 30 72 7 2
1 30 72 7 3
1 30 74 7 2
-1 30 85 7 2
-1 30 106 7 1
-1 30 119 7 2
1 31 4 7 1
-1 31 5 7 1
1 31 20 7 1
-1 31 25 7 1
1 31 26 7 1
-1 31 43 7 1
1 31 44 7 2
1 31 45 7 3
-1 31 56 7 1
1 31 57 7 2
1 31 59 7 1
-1 31 59 7 2
1 31 62 7 1
-1 31 62 7 2
1 31 72 7 1
-1 31 72 7 2
1 31 76 7 2
1 31 76 7 3
-1 31 119 7 1
1 31 124 7 3
-1 32 5 7 1
1 32 27 7 1
-1 32 42 7 1
-1 32 43 7 1
1 32 44 7 2
-1 32 60 7 1
1 32 62 7 2
1 32 68 7 2
2 32 69 7 2
1 32 70 7 2
2 32 71 7 2
1 32 72 7 2
2 32 73 7 2
1 32 74 7 2
1 32 75 7 2
2 32 76 7 2
2 32 77 7 2
3 32 78 7 2
3 32 79 7 2
2 32 80 7 2
2 32 81 7 2
2 32 82 7 2
2 32 83 7 2
1 32 84 7 2
2 32 85 7 2
2 32 86 7 2
2 32 87 7 2
1 32 88 7 2
1 32 89 7 2
1 32 93 7 2
1 32 104 7 2
1 32 105 7 2
-1 32 118 7 1
1 32 118 7 2
1 32 120 7 1
-1 33 5 7 1
1 33 25 7 2
1 33 28 7 2
1 33 41 7 2
1 33 43 7 2
1 33 44 7 2
2 33 45 7 2
-1 33 64 7 2
-1 33 67 7 2
-1 33 69 7 2
-1 33 70 7 2
-1 33 71 7 2
-1 33 72 7 2
-1 33 73 7 2
-2 33 74 7 2
-2 33 75 7 2
-2 33 76 7 2
-2 33 77 7 2
-2 33 78 7 2
-2 33 79 7 2
-2 33 80 7 2
-2 33 81 7 2
-2 33 82 7 2
-2 33 83 7 2
-1 33 84 7 2
-1 33 85 7 2
-1 33 86 7 2
-2 33 87 7 2
-1 33 88 7 2
-1 33 89 7 2
-1 33 98 7 1
2 33 106 7 2
3 33 107 7 2
2 33 108 7 2
1 33 109 7 2
2 33 110 7 2
1 33 111 7 2
1 33 112 7 2
-1 33 122 7 2
1 33 126 7 2
1 33 127 7 2
1 34 3 7 1
-1 34 5 7 1
1 34 13 7 2
-1 34 22 7 2
-1 34 23 7 2
-1 34 25 7 2
-1 34 26 7 2
-1 34 27 7 2
-1 34 28 7 2
-1 34 29 7 2
-1 34 31 7 2
-1 34 33 7 2
-2 34 34 7 2
-2 34 35 7 2
-1 34 36 7 2
-1 34 40 7 2
-1 34 41 7 2
-1 34 45 7 2
-1 34 98 7 1
-1 34 106 7 1
1 34 108 7 1
-1 34 108 7 3
-1 34 115 7 2
-1 34 118 7 1
-1 34 121 7 2
-1 35 5 7 1
1 35 11 7 1
1 35 25 7 2
1 35 63 7 2
1 35 64 7 2
1 35 65 7 1
1 35 65 7 2
1 35 88 7 2
1 35 89 7 2
1 35 93 7 2
-1 35 98 7 1
1 35 99 7 2
1 35 100 7 2
1 35 101 7 2
-2 35 106 7 1
1 35 113 7 1
-1 35 114 7 1
-1 35 115 7 3
-1 35 120 7 3
1 36 4 7 1
-1 36 5 7 1
1 36 16 7 2
1 36 17 7 2
1 36 23 7 2
1 36 24 7 2
1 36 26 7 1
1 36 29 7 2
1 36 30 7 2
1 36 32 7 2
1 36 33 7 2
1 36 34 7 2
1 36 35 7 2
1 36 36 7 2
1 36 38 7 2
1 36 39 7 2
1 36 40 7 2
1 36 41 7 2
1 36 48 7 2
1 36 54 7 2
-1 36 71 7 2
-1 36 77 7 2
-1 36 78 7 2
-1 36 79 7 2
-1 36 80 7 2
-1 36 81 7 2
-1 36 82 7 2
-2 36 83 7 2
-2 36 84 7 2
-2 36 85 7 2
-2 36 86 7 2
-3 36 87 7 2
-3 36 88 7 2
-3 36 89 7 2
-1 36 92 7 2
1 36 92 7 3
-3 36 93 7 2
-3 36 94 7 2
-1 36 94 7 3
-1 36 95 7 2
-1 36 96 7 2
-1 36 97 7 2
-1 36 98 7 2
1 36 98 7 3
-3 36 99 7 2
-2 36 100 7 2
-2 36 101 7 2
-2 36 102 7 2
-1 36 103 7 2
-2 36 104 7 2
-1 36 105 7 2
1 36 106 7 3
-1 36 107 7 2
-2 36 108 7 2
-1 36 109 7 2
-1 36 110 7 2
-1 36 122 7 1
1 36 122 7 3
-1 36 125 7 1
1 36 126 7 1
1 36 127 7 1
1 37 19 7 2
-1 37 28 7 2
-1 37 32 7 1
1 37 33 7 2
-1 37 38 7 2
-1 37 39 7 2
1 37 71 7 2
-1 37 75 7 1
2 37 92 7 1
-1 37 95 7 1
2 37 96 7 2
-2 37 122 7 1
1 38 12 7 1
-1 38 15 7 1
1 38 29 7 2
1 38 31 7 1
-1 38 32 7 1
1 38 32 7 2
-1 38 39 7 1
-1 38 57 7 1
-2 38 75 7 1
2 38 92 7 1
-2 38 122 7 1
1 39 12 7 1
-1 39 15 7 1
-1 39 18 7 2
-2 39 39 7 1
1 39 44 7 1
-1 39 75 7 1
1 39 92 7 1
1 39 101 7 2
1 39 116 7 2
-3 39 122 7 1
1 39 124 7 1
-1 39 126 7 2
-1 40 0 7 2
1 40 1 7 2
1 40 18 7 2
1 40 61 7 2
1 40 66 7 2
1 40 67 7 2
1 40 71 7 1
1 40 71 7 2
2 40 72 7 2
2 40 73 7 2
2 40 74 7 2
1 40 77 7 2
2 40 78 7 2
2 40 79 7 2
2 40 80 7 2
2 40 81 7 2
3 40 82 7 2
2 40 83 7 2
2 40 84 7 2
2 40 85 7 2
2 40 86 7 2
3 40 87 7 2
3 40 88 7 2
2 40 89 7 2
1 40 92 7 2
-1 40 92 7 3
3 40 93 7 2
3 40 94 7 2
3 40 95 7 2
1 40 97 7 1
-1 40 98 7 1
1 40 98 7 2
-1 40 98 7 3
3 40 99 7 2
3 40 100 7 2
2 40 101 7 2
2 40 102 7 2
1 40 104 7 2
1 40 105 7 2
2 40 106 7 2
2 40 107 7 2
3 40 108 7 2
3 40 109 7 2
2 40 110 7 2
2 40 111 7 2
2 40 112 7 2
1 40 115 7 2
2 40 117 7 2
2 40 118 7 2
1 40 119 7 2
2 40 120 7 2
3 40 121 7 2
-1 40 122 7 1
1 40 122 7 2
1 40 122 7 3
1 40 124 7 2
1 40 125 7 2
1 40 126 7 2
2 40 127 7 2
-1 41 0 7 1
-1 41 96 7 2
-2 41 98 7 1
-1 41 99 7 2
1 41 105 7 1
1 41 106 7 2
1 41 107 7 2
1 41 111 7 2
1 41 112 7 2
1 41 113 7 1
-1 41 114 7 1
-1 42 33 7 1
1 42 38 7 1
-1 42 39 7 1
-1 42 40 7 2
1 42 40 7 3
-1 42 46 7 2
-1 42 47 7 2
-1 42 49 7 2
-1 42 98 7 1
1 42 105 7 1
-2 42 106 7 2
-2 42 107 7 2
-2 42 108 7 2
-2 42 109 7 2
-2 42 110 7 2
-3 42 111 7 2
-3 42 112 7 2
-1 42 113 7 2
-1 42 113 7 3
-2 42 114 7 2
-2 42 115 7 2
-3 42 116 7 2
-2 42 117 7 2
-2 42 118 7 2
-3 42 119 7 2
-3 42 120 7 2
-3 42 121 7 2
-2 42 122 7 2
-2 42 123 7 2
-1 42 124 7 2
-2 42 125 7 2
-2 42 126 7 2
-2 42 127 7 2
1 43 33 7 2
1 43 38 7 1
1 43 40 7 1
-1 43 41 7 1
1 43 44 7 1
-1 43 68 7 2
-1 43 69 7 2
-1 43 70 7 2
-1 43 71 7 2
-1 43 72 7 2
-1 43 73 7 2
-1 43 74 7 2
-3 43 77 7 2
-3 43 78 7 2
-2 43 79 7 2
-3 43 80 7 2
-3 43 81 7 2
-2 43 82 7 2
-2 43 83 7 2
-2 43 84 7 2
-1 43 85 7 2
-1 43 86 7 2
-1 43 87 7 2
-1 43 88 7 2
-2 43 98 7 1
1 43 105 7 1
-2 43 122 7 1
1 43 124 7 1
1 44 40 7 2
1 44 41 7 2
1 44 44 7 1
1 44 44 7 2
1 44 45 7 2
1 44 48 7 2
1 44 56 7 3
1 44 59 7 1
2 44 77 7 2
1 44 78 7 2
3 44 79 7 2
1 44 92 7 1
-1 44 122 7 1
1 44 124 7 1
-1 45 9 7 2
1 45 27 7 2
1 45 66 7 2
1 45 68 7 2
1 45 70 7 2
1 45 80 7 2
1 45 81 7 2
2 45 82 7 2
1 45 83 7 2
1 45 84 7 2
1 45 85 7 2
1 45 86 7 2
1 45 87 7 2
1 45 88 7 2
1 45 92 7 1
-1 45 92 7 3
-2 45 122 7 1
1 45 124 7 1
-1 46 8 7 2
-1 46 74 7 2
-1 46 75 7 2
1 46 93 7 1
-2 46 98 7 1
1 46 99 7 2
1 46 100 7 2
1 46 101 7 2
1 46 102 7 2
1 46 103 7 2
1 46 104 7 2
-1 46 106 7 1
1 46 106 7 2
2 46 107 7 2
2 46 108 7 2
2 46 109 7 2
1 46 110 7 2
2 46 111 7 2
2 46 112 7 2
1 46 113 7 1
1 46 113 7 2
2 46 114 7 2
2 46 115 7 2
2 46 116 7 2
2 46 117 7 2
1 46 118 7 2
1 46 119 7 2
1 46 120 7 2
1 46 121 7 2
1 46 122 7 3
1 46 124 7 1
1 46 126 7 2
1 47 4 7 2
1 47 14 7 1
-1 47 21 7 2
-1 47 22 7 2
-2 47 23 7 2
-2 47 24 7 2
-1 47 27 7 2
-2 47 28 7 2
-1 47 29 7 2
1 47 71 7 2
1 47 73 7 2
1 47 74 7 2
1 47 75 7 2
-1 47 83 7 2
-1 47 84 7 2
-1 47 85 7 2
-2 47 86 7 2
-2 47 87 7 2
-1 47 88 7 2
-1 47 89 7 2
-1 47 95 7 2
-2 47 98 7 1
2 47 105 7 1
1 47 113 7 1
-1 47 120 7 3
-1 47 121 7 2
-1 47 122 7 1
-1 48 10 7 1
3 48 12 7 1
-1 48 34 7 2
-1 48 36 7 2
-1 48 37 7 2
-1 48 38 7 2
-2 48 39 7 1
-1 48 39 7 2
1 48 62 7 1
1 48 73 7 3
1 48 89 7 2
1 48 93 7 2
1 48 94 7 2
1 48 95 7 2
-1 48 98 7 1
-1 48 106 7 2
-1 48 107 7 2
-1 48 109 7 2
-1 48 110 7 2
-1 48 111 7 2
-1 48 112 7 2
-1 48 123 7 2
-1 48 124 7 2
-1 48 125 7 2
3 49 12 7 1
-2 49 25 7 2
-2 49 26 7 2
-2 49 39 7 1
-1 49 40 7 2
2 49 47 7 1
-1 49 51 7 2
-2 49 52 7 2
-3 49 53 7 2
-3 49 54 7 2
-3 49 55 7 2
-3 49 56 7 2
-2 49 57 7 2
-1 49 58 7 2
-1 49 59 7 2
-1 49 60 7 2
-1 49 61 7 2
1 49 62 7 1
-1 49 98 7 1
1 49 113 7 1
1 49 123 7 2
1 49 124 7 2
1 49 125 7 2
1 49 127 7 2
-2 50 11 7 2
1 50 15 7 1
1 50 15 7 2
-1 50 41 7 1
-1 50 41 7 2
-3 50 42 7 2
-2 50 43 7 2
-1 50 44 7 2
-1 50 45 7 2
-2 50 46 7 2
-2 50 47 7 2
2 50 65 7 1
-1 50 67 7 2
-1 50 68 7 2
-2 50 69 7 2
-3 50 70 7 2
-3 50 71 7 2
-3 50 72 7 2
-3 50 73 7 2
-3 50 74 7 2
-3 50 75 7 2
-2 50 76 7 2
-1 50 77 7 2
2 50 113 7 1
1 51 3 7 3
1 51 10 7 1
-1 51 11 7 1
3 51 65 7 1
-1 51 84 7 2
-1 51 85 7 2
-1 51 86 7 1
-1 51 86 7 2
-1 51 86 7 3
1 51 92 7 1
1 51 98 7 2
1 51 113 7 1
-1 52 11 7 1
1 52 16 7 1
-1 52 22 7 1
2 52 31 7 2
1 52 32 7 2
-1 52 53 7 1
-1 52 53 7 3
-1 52 63 7 2
-2 52 64 7 2
-1 52 65 7 2
-1 52 65 7 3
-3 52 86 7 1
1 52 113 7 1
1 53 2 7 1
-1 53 4 7 1
-1 53 15 7 2
1 53 17 7 1
-1 53 30 7 1
-1 53 31 7 2
-1 53 32 7 2
-1 53 87 7 2
-1 53 88 7 2
-1 53 89 7 2
-1 53 108 7 2
-1 53 115 7 1
1 53 123 7 1
1 53 125 7 2
1 54 2 7 1
1 54 4 7 3
1 54 43 7 2
1 54 92 7 1
-1 55 6 7 2
1 55 14 7 1
-1 55 16 7 2
1 55 18 7 1
-1 55 57 7 1
1 55 57 7 2
2 55 59 7 1
1 55 59 7 2
1 55 92 7 1
-1 55 119 7 2
-1 55 122 7 1
1 56 0 7 3
-1 56 5 7 1
-1 56 9 7 2
-1 56 36 7 2
-1 56 37 7 2
-1 56 38 7 2
-2 56 57 7 2
1 56 57 7 3
-2 56 58 7 2
-1 56 59 7 2
1 56 89 7 2
2 56 92 7 1
-1 56 124 7 2
-1 56 125 7 2
1 57 5 7 1
-1 57 47 7 2
1 57 67 7 2
2 57 68 7 2
2 57 69 7 2
2 57 70 7 2
-1 57 72 7 2
-1 57 75 7 2
1 57 92 7 1
1 58 20 7 1
1 58 53 7 1
2 58 55 7 2
1 58 56 7 2
-1 58 66 7 1
1 58 72 7 1
1 58 75 7 1
2 58 76 7 2
2 58 77 7 2
1 58 92 7 1
-1 59 6 7 3
1 59 17 7 2
1 59 19 7 2
1 59 54 7 1
1 59 54 7 2
-1 59 56 7 2
1 59 57 7 1
-1 59 61 7 1
1 59 92 7 1
-1 59 104 7 1
-1 59 108 7 2
1 60 21 7 1
-1 60 54 7 1
-1 60 54 7 2
1 60 55 7 1
-1 60 56 7 1
1 60 56 7 2
1 60 68 7 2
-1 60 73 7 2
1 60 77 7 1
1 60 77 7 2
1 60 82 7 1
1 61 3 7 2
-1 61 5 7 1
1 61 6 7 1
1 61 8 7 1
1 61 22 7 1
1 61 22 7 2
-1 61 55 7 2
1 61 57 7 3
1 61 59 7 2
-1 61 61 7 1
-1 61 62 7 2
-1 61 65 7 1
1 61 70 7 3
1 61 76 7 1
1 61 108 7 2
1 61 109 7 2
1 61 111 7 2
1 61 118 7 2
1 62 0 7 2
2 62 22 7 1
-1 62 56 7 2
1 62 58 7 2
1 62 60 7 2
1 62 65 7 2
2 62 70 7 1
1 62 72 7 2
1 62 74 7 2
1 62 75 7 2
1 62 92 7 1
1 62 106 7 2
1 62 107 7 2
1 62 108 7 2
-1 62 115 7 2
-1 62 117 7 1
1 62 120 7 1
1 62 123 7 2
1 62 125 7 2
-1 63 3 7 2
1 63 9 7 1
1 63 11 7 2
1 63 12 7 2
1 63 22 7 2
-1 63 22 7 3
1 63 23 7 1
1 63 23 7 2
1 63 23 7 3
2 63 24 7 2
-1 63 57 7 2
1 63 59 7 1
-1 63 60 7 2
-1 63 63 7 1
-1 63 65 7 1
-2 63 67 7 2
-2 63 68 7 2
-1 63 69 7 2
2 63 114 7 2
1 63 115 7 1
1 64 10 7 2
1 64 12 7 2
1 64 13 7 1
1 64 14 7 2
1 64 25 7 2
1 64 26 7 1
1 64 26 7 2
1 64 26 7 3
-1 64 63 7 2
-1 64 67 7 2
-1 64 71 7 2
-1 64 72 7 2
-1 64 73 7 2
1 64 78 7 2
1 64 79 7 2
1 64 83 7 2
-1 64 90 7 2
1 64 95 7 2
1 64 96 7 2
-1 64 114 7 2
1 64 115 7 2
-1 64 119 7 2
1 64 121 7 1
-1 64 125 7 2
-1 65 2 7 2
-1 65 7 7 2
-1 65 13 7 1
1 65 27 7 3
-1 65 68 7 2
-2 65 71 7 2
-1 65 72 7 2
-1 65 73 7 2
1 65 77 7 2
1 65 78 7 2
1 65 80 7 2
-1 65 83 7 2
-1 65 84 7 2
-1 65 86 7 2
-1 65 102 7 1
-1 65 108 7 2
-1 65 114 7 1
-1 65 118 7 2
-1 66 4 7 2
-1 66 6 7 2
-1 66 14 7 2
1 66 27 7 1
1 66 27 7 2
-1 66 27 7 3
2 66 28 7 2
-1 66 58 7 2
1 66 59 7 2
-1 66 77 7 2
-1 66 78 7 2
-1 66 79 7 2
1 66 86 7 2
-1 66 112 7 1
-1 66 118 7 1
-1 66 122 7 2
-1 67 4 7 2
2 67 28 7 2
2 67 29 7 2
1 67 30 7 1
2 67 30 7 2
1 67 55 7 2
-1 67 83 7 2
-1 67 84 7 2
-1 67 96 7 2
-1 67 103 7 2
-1 67 114 7 2
-1 67 115 7 2
-1 68 0 7 1
-1 68 5 7 1
1 68 9 7 2
1 68 14 7 2
1 68 30 7 2
1 68 31 7 2
1 68 34 7 2
1 68 35 7 2
1 68 44 7 2
1 68 91 7 1
-1 68 94 7 2
-1 68 120 7 2
1 69 3 7 1
1 69 3 7 2
1 69 4 7 2
1 69 32 7 1
1 69 36 7 1
1 69 37 7 2
1 69 38 7 2
1 69 91 7 1
-1 69 105 7 2
-1 69 106 7 2
-1 69 107 7 1
1 69 112 7 2
-1 70 10 7 1
2 70 33 7 1
-1 70 35 7 2
-1 70 36 7 2
-1 70 39 7 2
1 70 42 7 2
2 70 43 7 2
1 70 44 7 2
-1 70 90 7 2
-1 70 91 7 2
1 70 92 7 2
-1 70 116 7 2
-1 70 119 7 1
1 71 41 7 2
2 71 47 7 2
1 71 121 7 2
1 71 126 7 2
1 71 127 7 1
-1 72 37 7 2
-1 72 38 7 2
1 72 44 7 2
-1 72 47 7 2
-1 72 49 7 2
1 72 50 7 2
1 72 51 7 2
1 72 52 7 1
1 72 52 7 2
1 72 53 7 2
1 72 54 7 2
2 72 55 7 2
1 72 56 7 2
1 72 81 7 2
2 72 82 7 2
2 72 83 7 2
1 72 84 7 2
-1 72 111 7 1
-1 73 39 7 1
-1 73 43 7 2
1 73 47 7 2
1 73 48 7 2
1 73 59 7 2
1 73 60 7 2
1 73 61 7 2
1 73 75 7 2
1 73 76 7 2
1 73 77 7 2
1 73 78 7 2
-1 73 104 7 1
-1 73 106 7 2
1 73 107 7 1
-1 73 110 7 2
1 73 116 7 2
1 73 126 7 1
-1 73 127 7 2
-1 74 4 7 2
-1 74 5 7 2
-1 74 41 7 2
-1 74 56 7 2
-1 74 57 7 2
-1 74 58 7 2
1 74 68 7 2
1 74 69 7 2
1 74 70 7 2
1 74 79 7 2
1 74 109 7 1
1 74 121 7 2
-1 74 126 7 2
-1 75 7 7 2
-1 75 19 7 2
-1 75 20 7 2
-1 75 48 7 2
-1 75 49 7 2
-1 75 50 7 2
1 75 65 7 2
-1 75 78 7 2
1 75 124 7 1
2 76 0 7 2
1 76 6 7 2
1 76 18 7 2
1 76 19 7 2
-1 76 22 7 2
1 76 61 7 2
1 76 93 7 2
1 76 94 7 2
-1 76 97 7 1
-1 76 109 7 2
1 76 123 7 2
1 76 126 7 1
-1 76 127 7 1
1 77 14 7 2
1 77 16 7 2
1 77 17 7 2
-1 77 41 7 2
-1 77 80 7 2
-1 77 81 7 2
-1 77 85 7 2
-1 77 99 7 1
-1 77 105 7 3
1 77 108 7 2
-1 77 113 7 2
-1 77 117 7 1
-1 77 123 7 2
-1 77 125 7 3
1 78 3 7 2
1 78 5 7 2
1 78 6 7 2
-1 78 12 7 2
-1 78 82 7 1
-1 78 100 7 2
1 78 105 7 3
-1 78 115 7 3
-1 78 119 7 1
1 78 121 7 3
-1 78 122 7 2
1 78 123 7 2
-1 79 10 7 3
1 79 14 7 2
1 79 58 7 2
-1 79 95 7 2
-1 79 100 7 1
-1 79 108 7 2
-1 79 109 7 2
1 79 111 7 2
1 79 112 7 2
1 79 113 7 2
-1 79 121 7 2
1 80 8 7 2
1 80 9 7 2
-1 80 10 7 1
1 80 110 7 1
1 80 114 7 1
1 80 120 7 3
1 81 79 7 1
-1 81 104 7 1
-1 81 109 7 1
-1 82 85 7 2
-1 82 93 7 1
1 82 98 7 2
1 82 106 7 2
1 82 107 7 2
-1 82 111 7 2
-1 82 114 7 2
-1 83 44 7 2
-1 83 76 7 2
1 83 102 7 3
1 83 103 7 1
1 83 107 7 3
1 83 109 7 1
1 83 109 7 2
1 83 111 7 2
-1 83 113 7 1
1 83 114 7 2
1 83 117 7 1
-1 83 117 7 3
-1 83 120 7 1
-1 84 39 7 2
1 84 81 7 1
-1 84 82 7 1
1 84 102 7 2
-1 84 113 7 2
1 84 118 7 3
-1 84 120 7 2
-1 85 74 7 2
1 85 89 7 2
-1 85 108 7 2
1 85 112 7 1
1 85 115 7 1
1 85 117 7 3
1 85 119 7 1
1 85 120 7 2
1 85 124 7 2
1 86 104 7 2
1 86 108 7 1
1 86 109 7 3
-1 87 85 7 1
-1 87 92 7 1
1 87 97 7 1
-1 87 111 7 2
-1 87 112 7 3
1 87 113 7 2
-1 87 127 7 1
1 88 2 7 2
1 88 14 7 2
1 88 100 7 2
-1 88 104 7 1
1 88 105 7 1
-1 88 107 7 1
1 88 108 7 2
-1 88 116 7 2
-1 88 117 7 3
1 89 91 7 3
-1 89 92 7 2
-1 89 93 7 1
-1 89 93 7 2
-1 89 94 7 2
-1 89 99 7 2
-1 89 107 7 2
1 89 108 7 1
1 89 109 7 1
-1 89 111 7 1
1 89 113 7 1
1 89 115 7 2
1 89 116 7 1
1 89 120 7 2
-1 90 71 7 2
-1 90 74 7 2
-1 90 75 7 2
1 90 84 7 2
1 90 91 7 2
-1 90 91 7 3
-1 90 93 7 2
1 90 106 7 2
-1 90 110 7 1
1 91 55 7 2
1 91 57 7 1
1 91 83 7 3
-1 91 87 7 2
1 91 95 7 2
1 91 96 7 2
-1 91 109 7 1
1 91 110 7 3
1 91 113 7 2
1 91 114 7 1
-1 91 118 7 2
-1 91 124 7 2
-1 92 4 7 1
-1 92 83 7 1
-1 92 83 7 2
1 92 100 7 2
-1 92 105 7 2
-1 92 106 7 2
-1 92 109 7 1
1 92 117 7 1
1 92 122 7 1
-1 93 58 7 2
-1 93 59 7 2
1 93 77 7 2
-1 93 78 7 2
-1 93 82 7 2
1 93 83 7 2
-1 93 83 7 3
1 93 88 7 1
1 93 105 7 2
-1 93 106 7 1
-1 93 109 7 1
-1 93 111 7 2
-1 94 86 7 3
-1 94 105 7 2
1 94 107 7 2
1 94 110 7 1
-1 94 114 7 2
-1 94 116 7 3
1 94 117 7 3
-1 94 120 7 1
1 95 18 7 1
-1 95 74 7 2
1 95 88 7 2
1 95 111 7 2
-1 95 112 7 2
1 95 114 7 1
1 95 117 7 3
1 96 46 7 1
-1 96 49 7 1
-1 96 74 7 1
1 96 88 7 1
-1 96 108 7 1
1 96 115 7 2
-1 96 126 7 3
-1 97 19 7 1
1 97 26 7 2
1 97 30 7 2
1 97 46 7 1
1 97 56 7 1
1 97 94 7 1
1 97 118 7 2
-1 97 126 7 1
1 98 34 7 2
1 98 35 7 1
1 98 74 7 2
1 98 80 7 2
-1 98 86 7 1
1 98 97 7 3
1 98 108 7 1
1 98 126 7 2
1 99 40 7 1
1 99 55 7 1
-1 99 76 7 2
-1 99 77 7 2
-1 99 87 7 1
-1 99 89 7 3
1 99 108 7 1
1 99 123 7 1
-1 99 123 7 2
-1 100 34 7 2
1 100 76 7 2
1 100 78 7 2
1 100 79 7 2
1 100 80 7 2
1 100 104 7 1
-1 100 105 7 1
-1 100 106 7 1
-1 100 107 7 1
-1 100 115 7 2
1 101 33 7 1
1 101 55 7 2
-1 101 73 7 2
-1 101 100 7 1
1 101 104 7 1
1 101 105 7 3
-1 101 107 7 1
-1 102 18 7 1
1 102 33 7 1
-1 102 36 7 1
-1 102 75 7 2
-1 102 78 7 2
1 102 95 7 2
1 102 104 7 3
-1 102 106 7 1
-1 102 108 7 1
-1 103 18 7 1
1 103 31 7 1
-1 103 36 7 1
1 103 92 7 2
1 103 93 7 2
-1 103 101 7 3
-1 103 106 7 1
2 103 107 7 1
1 104 17 7 1
-1 104 34 7 1
-1 104 77 7 2
1 104 82 7 1
1 104 95 7 2
1 104 101 7 1
-1 104 119 7 2
-1 105 92 7 2
-1 105 93 7 2
-1 105 94 7 2
-1 105 100 7 1
-1 105 103 7 1
-1 105 114 7 2
-1 105 121 7 1
1 105 123 7 1
-1 105 124 7 1
-1 106 18 7 1
-1 106 81 7 1
-1 106 90 7 2
1 107 55 7 2
-1 107 81 7 1
-1 107 83 7 1
-1 107 96 7 2
-1 107 97 7 2
-1 107 106 7 1
1 107 125 7 3
-1 108 2 7 2
1 108 68 7 2
1 108 82 7 2
1 108 96 7 2
1 108 97 7 2
1 108 98 7 2
-1 108 104 7 2
-1 109 7 7 1
1 109 57 7 1
1 109 99 7 1
1 109 101 7 2
-1 109 117 7 1
1 109 119 7 2
-1 109 120 7 3
-1 109 123 7 1
1 110 84 7 2
1 110 93 7 3
1 111 94 7 2
-1 111 117 7 1
1 114 48 7 1
-1 114 51 7 1
-1 114 96 7 1
1 114 96 7 2
1 114 99 7 1
-1 114 106 7 1
1 114 107 7 1
1 114 107 7 2
-1 114 112 7 1
1 114 112 7 2
1 114 123 7 2
-1 115 31 7 1
1 115 48 7 1
-1 115 89 7 1
1 115 90 7 1
1 115 100 7 1
1 115 100 7 2
1 115 103 7 1
-1 115 107 7 2
-1 115 108 7 1
1 115 110 7 2
1 116 52 7 2
-1 116 86 7 3
1 116 90 7 1
-1 116 97 7 2
1 116 98 7 1
-1 116 98 7 2
-1 116 103 7 1
1 116 103 7 2
1 116 106 7 2
-1 117 87 7 1
-1 117 98 7 1
-2 117 102 7 1
1 117 109 7 1
-1 117 109 7 2
-1 117 110 7 2
1 118 18 7 1
1 118 35 7 1
-1 118 50 7 1
1 118 86 7 1
-1 118 87 7 1
-1 118 88 7 2
-1 118 89 7 2
1 118 98 7 1
-2 118 102 7 1
1 118 103 7 3
-1 118 107 7 1
-1 118 109 7 2
-2 118 110 7 2
1 119 18 7 1
-1 119 56 7 1
1 119 70 7 2
1 119 84 7 2
-1 119 85 7 2
-1 119 94 7 1
1 119 104 7 1
1 119 110 7 2
-1 120 83 7 1
1 120 99 7 1
-1 120 103 7 1
2 120 104 7 1
1 120 121 7 1
-1 121 19 7 1
-1 121 44 7 2
1 121 58 7 1
1 121 84 7 1
-1 121 84 7 2
-1 121 93 7 1
1 121 99 7 1
1 121 121 7 1
-1 122 23 7 2
1 122 45 7 1
-1 122 47 7 1
-1 122 95 7 2
1 122 121 7 1
1 123 39 7 2
-1 123 44 7 1
1 123 100 7 1
-1 123 104 7 2
-1 123 109 7 1
1 123 110 7 1
1 123 121 7 1
-1 124 11 7 2
1 124 43 7 2
1 124 45 7 1
1 124 107 7 2
1 124 109 7 2
-1 125 18 7 2
-1 125 42 7 1
-1 125 53 7 2
-1 125 54 7 2
-1 126 88 7 2
-2 126 89 7 2
-2 126 90 7 2
-1 126 91 7 2
-1 126 92 7 2
-1 126 93 7 2
-1 126 94 7 2
-2 126 95 7 2
-1 126 96 7 2
-1 126 97 7 2
-2 126 98 7 2
-1 126 99 7 2
-1 126 100 7 2
-1 126 103 7 2
-1 126 104 7 2
-1 126 106 7 2
-1 126 107 7 2
-1 126 108 7 2
-1 127 38 7 2
-1 127 39 7 2
-1 127 43 7 2
-1 127 44 7 2
-1 127 46 7 2
-1 127 47 7 2
-1 127 49 7 2
-2 127 50 7 2
-2 127 51 7 2
-2 127 52 7 2
-1 127 53 7 2
-2 127 54 7 2
-3 127 55 7 2
-2 127 56 7 2
-2 127 57 7 2
-2 127 58 7 2
-2 127 59 7 2
-2 127 60 7 2
-2 127 61 7 2
-1 127 62 7 2
-1 127 63 7 2
-1 127 64 7 2
-1 127 65 7 2
-1 127 66 7 2
-2 127 67 7 2
-1 127 68 7 2
-1 127 69 7 2
-1 127 70 7 2
-1 0 0 6 1
2 0 1 6 1
1 0 2 6 1
1 0 2 6 2
-3 0 3 6 1
1 0 6 6 1
2 0 7 6 1
-1 0 8 6 2
-1 0 9 6 1
-1 0 9 6 2
-1 0 10 6 3
-1 0 11 6 3
-1 0 13 6 1
1 0 14 6 1
-1 0 15 6 1
1 0 16 6 1
1 0 17 6 1
1 0 22 6 2
1 0 24 6 1
1 0 27 6 1
1 0 29 6 1
1 0 34 6 1
1 0 34 6 3
-1 0 36 6 2
-2 0 37 6 2
-2 0 38 6 2
-1 0 39 6 2
1 0 40 6 1
-1 0 41 6 3
-1 0 43 6 2
-2 0 44 6 1
-1 0 46 6 3
-1 0 47 6 2
-1 0 48 6 2
-1 0 48 6 3
-1 0 49 6 2
-1 0 50 6 2
1 0 50 6 3
1 0 53 6 3
1 0 54 6 1
1 0 54 6 3
-1 0 59 6 2
-1 0 61 6 2
-2 1 0 6 1
-3 1 3 6 1
-1 1 5 6 1
1 1 7 6 1
-1 1 7 6 3
1 1 8 6 2
-2 1 11 6 1
1 1 12 6 2
-1 1 12 6 3
1 1 14 6 1
-2 1 15 6 1
1 1 16 6 1
1 1 17 6 1
-1 1 19 6 2
1 1 19 6 3
-1 1 20 6 3
1 1 22 6 1
1 1 23 6 3
2 1 24 6 1
-1 1 24 6 3
-1 1 25 6 1
1 1 26 6 3
1 1 27 6 1
-1 1 27 6 3
1 1 28 6 1
-1 1 30 6 1
-1 1 30 6 3
-1 1 32 6 2
-1 1 34 6 2
1 1 35 6 1
-2 1 35 6 2
1 1 36 6 1
-1 1 42 6 3
-1 1 43 6 2
-2 1 45 6 2
-1 1 48 6 2
-1 1 51 6 1
1 1 52 6 1
-1 1 54 6 3
1 1 55 6 2
2 1 56 6 2
-1 1 57 6 1
1 1 57 6 2
1 1 58 6 2
1 1 62 6 1
-1 1 62 6 2
-1 2 1 6 2
2 2 2 6 1
-4 2 3 6 1
-1 2 5 6 2
1 2 5 6 3
-2 2 6 6 2
-1 2 6 6 3
1 2 7 6 1
-1 2 9 6 2
1 2 10 6 3
-2 2 11 6 1
1 2 12 6 1
-2 2 15 6 1
-2 2 16 6 2
-1 2 18 6 2
-1 2 19 6 2
-1 2 20 6 1
-1 2 20 6 2
1 2 21 6 1
-1 2 23 6 3
2 2 24 6 2
-1 2 25 6 1
1 2 25 6 3
-1 2 26 6 2
1 2 28 6 1
1 2 28 6 2
1 2 29 6 2
-1 2 31 6 2
1 2 33 6 1
2 2 34 6 1
1 2 34 6 3
1 2 36 6 1
-1 2 36 6 2
1 2 38 6 3
-1 2 39 6 2
1 2 40 6 1
2 2 41 6 2
-1 2 42 6 1
2 2 42 6 2
-1 2 42 6 3
1 2 43 6 2
1 2 45 6 1
-1 2 45 6 3
-2 2 46 6 1
-1 2 46 6 3
-1 2 47 6 1
1 2 50 6 2
-1 2 52 6 3
1 2 54 6 2
1 2 61 6 2
1 2 63 6 2
1 3 1 6 2
1 3 2 6 2
-4 3 3 6 1
1 3 5 6 1
1 3 5 6 2
-1 3 5 6 3
1 3 7 6 1
-1 3 8 6 2
1 3 10 6 1
-2 3 12 6 2
1 3 13 6 1
-1 3 15 6 1
1 3 16 6 1
-1 3 17 6 1
1 3 18 6 1
1 3 19 6 2
-1 3 20 6 1
1 3 21 6 1
-1 3 22 6 1
1 3 25 6 1
1 3 26 6 3
-2 3 27 6 2
-1 3 28 6 1
-2 3 28 6 2
-1 3 29 6 2
-1 3 29 6 3
-1 3 31 6 2
1 3 32 6 1
-2 3 32 6 2
-1 3 33 6 2
1 3 34 6 1
-1 3 34 6 2
-1 3 40 6 1
-2 3 40 6 3
1 3 41 6 2
-1 3 42 6 1
-1 3 42 6 3
1 3 43 6 1
1 3 44 6 2
-1 3 46 6 2
-1 3 53 6 1
-1 3 54 6 2
1 3 57 6 3
-1 3 61 6 2
1 3 63 6 1
1 3 63 6 2
1 4 0 6 1
-1 4 0 6 2
-1 4 1 6 2
-2 4 3 6 1
-1 4 3 6 2
1 4 4 6 1
-2 4 4 6 2
-1 4 4 6 3
-2 4 5 6 1
2 4 7 6 1
1 4 8 6 2
1 4 9 6 2
1 4 9 6 3
-1 4 10 6 2
1 4 11 6 2
-2 4 11 6 3
-2 4 15 6 1
-1 4 15 6 2
-1 4 16 6 2
1 4 21 6 1
-1 4 23 6 1
1 4 24 6 1
-1 4 28 6 3
-1 4 29 6 1
1 4 29 6 2
1 4 30 6 1
-1 4 31 6 1
1 4 31 6 3
1 4 32 6 1
-1 4 33 6 1
1 4 33 6 3
-1 4 34 6 1
-1 4 34 6 2
1 4 35 6 1
-2 4 40 6 2
1 4 40 6 3
1 4 41 6 1
-2 4 41 6 3
1 4 43 6 1
-1 4 43 6 3
1 4 49 6 3
-1 4 51 6 3
1 4 52 6 2
-1 4 62 6 1
-1 4 62 6 2
1 4 63 6 1
-1 4 63 6 2
-1 5 2 6 3
-3 5 3 6 1
1 5 3 6 2
-1 5 3 6 3
3 5 7 6 1
-1 5 7 6 2
-1 5 8 6 2
-1 5 11 6 2
1 5 11 6 3
1 5 12 6 1
1 5 12 6 2
-1 5 13 6 1
1 5 13 6 2
2 5 15 6 2
1 5 19 6 1
1 5 21 6 1
-1 5 23 6 2
1 5 23 6 3
-1 5 25 6 2
-1 5 26 6 3
-1 5 28 6 1
-1 5 29 6 2
4 5 30 6 1
1 5 31 6 2
1 5 32 6 2
2 5 41 6 2
-1 5 41 6 3
2 5 42 6 2
2 5 43 6 3
-1 5 46 6 1
-1 5 47 6 1
-2 5 47 6 2
1 5 48 6 1
1 5 60 6 2
-1 5 62 6 1
1 5 63 6 2
-4 6 3 6 1
-1 6 5 6 1
1 6 7 6 1
1 6 16 6 1
1 6 19 6 1
-1 6 20 6 1
1 6 20 6 2
1 6 21 6 1
-1 6 26 6 3
-2 6 28 6 1
1 6 30 6 1
1 6 30 6 2
-1 6 32 6 1
-1 6 32 6 2
1 6 32 6 3
1 6 33 6 1
-2 6 33 6 2
1 6 38 6 2
2 6 39 6 2
1 6 41 6 3
2 6 44 6 1
2 6 44 6 2
1 6 44 6 3
-2 6 45 6 1
-1 6 51 6 3
-1 6 53 6 1
-1 6 58 6 2
1 6 59 6 1
-1 6 59 6 2
-2 6 60 6 1
-1 6 60 6 3
-1 6 62 6 1
-3 6 63 6 1
-2 7 3 6 1
1 7 3 6 2
-2 7 5 6 1
1 7 8 6 1
1 7 11 6 3
1 7 12 6 2
-1 7 13 6 1
2 7 16 6 1
-2 7 20 6 2
1 7 23 6 1
-1 7 25 6 1
-1 7 25 6 2
-1 7 26 6 2
-1 7 26 6 3
-3 7 28 6 1
1 7 29 6 2
1 7 30 6 1
1 7 34 6 2
-1 7 37 6 1
2 7 37 6 2
-1 7 38 6 2
-1 7 39 6 1
1 7 39 6 2
2 7 42 6 1
-2 7 43 6 1
1 7 44 6 1
1 7 44 6 2
-2 7 44 6 3
-1 7 45 6 1
1 7 45 6 3
1 7 47 6 2
-1 7 50 6 1
1 7 50 6 2
2 7 51 6 1
1 7 52 6 1
-1 7 53 6 1
1 7 55 6 1
-1 7 60 6 2
-1 7 62 6 1
-2 7 63 6 1
-1 7 63 6 2
-2 8 3 6 1
1 8 6 6 1
-1 8 7 6 2
1 8 9 6 1
-1 8 9 6 2
-2 8 11 6 1
-1 8 12 6 2
-1 8 13 6 1
1 8 13 6 2
-1 8 15 6 1
-1 8 15 6 3
2 8 16 6 1
1 8 19 6 3
-2 8 28 6 1
1 8 28 6 3
-1 8 29 6 2
1 8 30 6 1
1 8 32 6 2
-1 8 34 6 2
-1 8 36 6 1
-1 8 37 6 2
1 8 38 6 1
-2 8 38 6 2
-1 8 38 6 3
-2 8 39 6 1
1 8 41 6 1
-1 8 42 6 3
2 8 44 6 2
3 8 45 6 1
1 8 45 6 2
2 8 45 6 3
3 8 47 6 1
-1 8 49 6 1
-1 8 49 6 2
1 8 49 6 3
2 8 50 6 1
-1 8 50 6 2
-1 8 51 6 2
-1 8 53 6 1
-1 8 54 6 1
1 8 54 6 2
1 8 55 6 1
-1 8 55 6 2
1 9 1 6 1
1 9 6 6 1
1 9 8 6 1
1 9 9 6 2
-1 9 11 6 2
1 9 13 6 3
-2 9 15 6 1
1 9 16 6 1
1 9 19 6 1
1 9 20 6 1
1 9 20 6 3
1 9 21 6 2
-1 9 21 6 3
1 9 23 6 2
2 9 24 6 1
-2 9 25 6 1
1 9 27 6 3
1 9 28 6 2
1 9 29 6 1
-1 9 29 6 2
1 9 31 6 2
1 9 32 6 1
1 9 32 6 2
-1 9 37 6 2
1 9 38 6 3
-1 9 39 6 3
1 9 40 6 2
1 9 41 6 1
-2 9 42 6 1
1 9 43 6 2
2 9 45 6 1
-1 9 45 6 2
-1 9 46 6 2
1 9 47 6 1
1 9 51 6 3
1 9 52 6 1
-1 9 54 6 2
1 9 55 6 1
1 9 57 6 3
-1 9 63 6 1
-1 10 5 6 1
2 10 6 6 1
-1 10 7 6 1
-1 10 8 6 2
-2 10 9 6 1
1 10 9 6 2
-1 10 10 6 2
1 10 10 6 3
2 10 12 6 1
1 10 14 6 2
-1 10 15 6 1
2 10 16 6 1
1 10 19 6 1
-1 10 22 6 1
-1 10 22 6 3
1 10 23 6 3
-1 10 26 6 2
1 10 26 6 3
1 10 27 6 1
-1 10 27 6 2
-1 10 27 6 3
-1 10 28 6 1
2 10 29 6 1
-1 10 30 6 1
-1 10 30 6 3
1 10 32 6 2
1 10 33 6 1
2 10 33 6 2
1 10 36 6 1
-1 10 37 6 3
1 10 38 6 1
1 10 38 6 2
1 10 38 6 3
-1 10 39 6 2
-1 10 42 6 1
-1 10 43 6 1
2 10 45 6 1
1 10 46 6 2
1 10 52 6 2
1 10 55 6 1
1 10 56 6 1
2 10 56 6 2
-1 10 62 6 1
1 11 4 6 1
1 11 6 6 1
1 11 8 6 1
-2 11 9 6 1
1 11 9 6 3
3 11 10 6 1
1 11 10 6 2
-1 11 13 6 2
-1 11 14 6 1
-2 11 14 6 2
1 11 16 6 1
-1 11 16 6 3
1 11 18 6 1
-1 11 20 6 2
1 11 20 6 3
1 11 22 6 2
1 11 23 6 1
-1 11 23 6 2
1 11 25 6 2
-2 11 27 6 1
1 11 27 6 2
-1 11 27 6 3
-2 11 28 6 2
-1 11 29 6 3
1 11 31 6 3
1 11 35 6 2
2 11 38 6 1
-1 11 39 6 1
1 11 39 6 2
-1 11 39 6 3
1 11 40 6 2
-1 11 41 6 1
-1 11 44 6 2
1 11 45 6 2
1 11 46 6 1
-1 11 47 6 3
-1 11 49 6 1
-2 11 51 6 1
1 11 51 6 2
-1 11 54 6 2
1 11 54 6 3
1 11 57 6 1
1 11 57 6 2
-1 11 57 6 3
1 11 58 6 2
-1 12 2 6 1
1 12 5 6 2
1 12 6 6 1
1 12 6 6 2
-2 12 10 6 1
-1 12 10 6 2
1 12 11 6 1
1 12 11 6 2
1 12 11 6 3
-1 12 14 6 1
-1 12 15 6 1
2 12 16 6 1
-1 12 17 6 1
-1 12 21 6 1
1 12 21 6 3
1 12 22 6 1
-1 12 23 6 1
1 12 25 6 1
4 12 26 6 2
1 12 27 6 1
3 12 27 6 2
-1 12 28 6 1
1 12 28 6 2
1 12 29 6 2
2 12 31 6 1
-1 12 32 6 2
-1 12 34 6 1
-1 12 34 6 2
-1 12 35 6 1
-2 12 36 6 3
-1 12 39 6 2
-1 12 39 6 3
-1 12 42 6 2
-1 12 44 6 2
-2 12 45 6 2
1 12 46 6 1
1 12 46 6 2
-1 12 47 6 2
-2 12 49 6 1
2 12 50 6 1
-1 12 51 6 2
-2 12 53 6 1
1 12 53 6 2
1 12 54 6 1
-1 12 57 6 1
2 12 58 6 1
1 12 59 6 1
1 13 0 6 2
2 13 1 6 2
-2 13 2 6 1
1 13 11 6 1
-3 13 11 6 3
1 13 12 6 2
2 13 16 6 1
1 13 17 6 2
-1 13 22 6 1
-2 13 23 6 3
1 13 24 6 2
1 13 25 6 2
-1 13 26 6 2
-1 13 27 6 3
1 13 30 6 1
1 13 31 6 1
-1 13 34 6 2
-1 13 36 6 2
-1 13 37 6 1
1 13 39 6 3
-1 13 40 6 3
-3 13 41 6 1
1 13 42 6 1
-1 13 43 6 2
1 13 44 6 1
-1 13 44 6 2
-1 13 45 6 1
-1 13 46 6 2
-3 13 47 6 1
2 13 48 6 1
-1 13 50 6 2
-1 13 50 6 3
1 13 51 6 1
-1 13 52 6 1
1 13 52 6 2
-1 13 52 6 3
-1 13 53 6 1
-1 13 53 6 2
1 13 53 6 3
-2 13 55 6 1
1 13 56 6 1
-1 13 57 6 2
-1 13 58 6 2
-1 13 59 6 2
-1 13 63 6 1
3 14 0 6 2
3 14 1 6 2
1 14 2 6 2
1 14 2 6 3
1 14 4 6 1
-1 14 4 6 2
1 14 4 6 3
1 14 6 6 1
-1 14 6 6 2
1 14 6 6 3
-1 14 7 6 1
-1 14 7 6 2
-1 14 7 6 3
1 14 10 6 1
-1 14 11 6 1
1 14 11 6 3
2 14 12 6 1
1 14 12 6 2
2 14 16 6 1
-1 14 16 6 3
2 14 18 6 1
-1 14 20 6 1
-1 14 21 6 3
-1 14 23 6 1
-1 14 27 6 1
1 14 30 6 2
2 14 31 6 1
-1 14 36 6 1
-1 14 38 6 2
-1 14 41 6 2
-1 14 43 6 2
-1 14 52 6 2
-3 14 53 6 1
3 14 54 6 1
-1 14 55 6 2
1 14 55 6 3
-1 14 56 6 3
-1 14 61 6 1
-1 14 61 6 2
1 14 61 6 3
4 15 6 6 1
-2 15 7 6 1
-1 15 8 6 1
1 15 8 6 2
-2 15 12 6 1
1 15 13 6 2
1 15 18 6 1
1 15 18 6 2
1 15 20 6 2
1 15 21 6 2
-1 15 22 6 1
1 15 22 6 2
1 15 26 6 2
1 15 27 6 1
-2 15 27 6 2
1 15 27 6 3
-1 15 28 6 1
1 15 29 6 1
1 15 31 6 1
-1 15 31 6 2
1 15 32 6 2
1 15 37 6 2
1 15 38 6 2
1 15 38 6 3
-1 15 39 6 2
1 15 48 6 2
-2 15 53 6 1
-1 15 53 6 2
1 15 54 6 1
-1 15 55 6 1
-1 15 61 6 1
2 16 6 6 1
1 16 10 6 2
1 16 11 6 2
1 16 12 6 2
1 16 20 6 2
2 16 21 6 2
3 16 22 6 2
2 16 23 6 2
1 16 25 6 2
2 16 26 6 2
2 16 27 6 2
2 16 29 6 2
1 16 30 6 2
3 16 31 6 2
3 16 32 6 2
3 16 33 6 2
2 16 34 6 2
2 16 35 6 2
2 16 36 6 2
1 16 37 6 2
1 16 39 6 2
-1 16 42 6 2
-1 16 43 6 2
-2 16 44 6 2
1 16 45 6 1
-1 16 46 6 2
5 16 47 6 2
-1 16 48 6 1
3 16 48 6 2
1 16 48 6 3
-1 16 49 6 1
1 16 49 6 2
-1 16 49 6 3
1 16 50 6 1
4 16 50 6 2
4 16 51 6 2
3 16 52 6 2
3 16 53 6 2
3 16 54 6 2
-1 16 55 6 1
3 16 55 6 2
3 16 56 6 2
3 16 57 6 2
1 16 58 6 2
5 16 60 6 2
2 16 61 6 2
1 16 61 6 3
2 16 62 6 2
1 16 63 6 2
1 17 5 6 1
-2 17 6 6 2
-2 17 7 6 2
-3 17 8 6 2
-3 17 9 6 2
-3 17 10 6 2
-3 17 11 6 2
-2 17 12 6 2
-2 17 13 6 2
1 17 14 6 1
-1 17 14 6 2
-1 17 15 6 2
-2 17 17 6 2
1 17 21 6 1
1 17 28 6 2
1 17 29 6 2
-1 17 31 6 1
1 17 31 6 2
2 17 32 6 2
1 17 33 6 2
1 17 38 6 2
1 17 39 6 2
1 17 40 6 2
1 17 41 6 2
2 17 42 6 2
2 17 43 6 2
1 17 44 6 2
-1 17 46 6 1
1 17 46 6 2
-2 17 49 6 1
1 17 52 6 2
-1 17 53 6 1
-1 17 53 6 2
-1 17 54 6 1
1 17 54 6 2
1 17 56 6 1
-1 17 60 6 2
-1 17 60 6 3
1 18 2 6 2
1 18 6 6 1
-1 18 7 6 1
1 18 7 6 2
2 18 8 6 2
2 18 9 6 2
2 18 10 6 2
-1 18 11 6 1
1 18 11 6 2
-2 18 12 6 1
1 18 12 6 3
2 18 13 6 1
3 18 15 6 1
2 18 15 6 3
-1 18 16 6 1
-1 18 16 6 3
-1 18 19 6 1
-1 18 22 6 2
-1 18 28 6 2
-1 18 29 6 2
-1 18 30 6 2
-1 18 31 6 1
-1 18 31 6 2
-1 18 31 6 3
1 18 33 6 1
-1 18 33 6 2
-2 18 34 6 2
-3 18 35 6 2
-4 18 36 6 2
-2 18 37 6 1
-3 18 37 6 2
-1 18 37 6 3
2 18 38 6 1
-3 18 38 6 2
1 18 38 6 3
-6 18 39 6 2
-6 18 40 6 2
-5 18 41 6 2
-4 18 42 6 2
-4 18 43 6 2
-5 18 44 6 2
1 18 46 6 1
-3 18 46 6 2
1 18 46 6 3
-2 18 47 6 2
-2 18 49 6 2
-3 18 50 6 2
-1 18 51 6 1
-3 18 51 6 2
-2 18 52 6 2
-1 18 53 6 2
-2 18 54 6 2
-1 18 55 6 2
-1 18 57 6 2
-1 18 58 6 2
-1 18 59 6 1
2 18 60 6 1
-1 18 60 6 3
-2 18 61 6 1
1 18 62 6 3
-1 18 63 6 2
1 19 6 6 1
1 19 8 6 1
-1 19 9 6 2
-1 19 16 6 1
1 19 16 6 2
1 19 16 6 3
1 19 19 6 2
1 19 28 6 2
2 19 29 6 1
-1 19 31 6 1
2 19 35 6 1
-4 19 37 6 1
5 19 38 6 1
1 19 44 6 2
2 19 46 6 1
1 19 50 6 2
-1 19 58 6 3
2 19 60 6 1
-3 19 61 6 1
2 19 62 6 1
-2 20 0 6 1
1 20 0 6 2
1 20 9 6 2
-1 20 14 6 1
-1 20 19 6 1
1 20 20 6 1
1 20 33 6 2
1 20 34 6 2
1 20 35 6 2
2 20 36 6 2
1 20 37 6 2
2 20 39 6 2
2 20 40 6 2
2 20 41 6 2
1 20 42 6 1
2 20 42 6 2
-2 20 48 6 2
-2 20 49 6 1
2 20 51 6 2
1 20 52 6 1
2 20 52 6 2
1 20 52 6 3
1 20 56 6 1
-1 20 57 6 1
2 20 57 6 2
2 20 58 6 2
2 20 59 6 2
2 20 60 6 2
-1 20 61 6 1
2 20 62 6 1
1 20 63 6 2
1 21 12 6 3
1 21 16 6 1
1 21 16 6 3
1 21 17 6 1
1 21 17 6 2
-1 21 17 6 3
-1 21 18 6 1
1 21 18 6 2
1 21 18 6 3
1 21 19 6 2
-2 21 20 6 2
-1 21 22 6 2
-1 21 23 6 2
-2 21 24 6 2
-2 21 25 6 2
-2 21 27 6 2
-1 21 28 6 2
1 21 30 6 1
-1 21 30 6 2
-1 21 31 6 1
-1 21 31 6 3
-2 21 33 6 2
-3 21 34 6 2
-2 21 35 6 2
-2 21 36 6 2
-1 21 37 6 1
-1 21 37 6 3
1 21 38 6 1
-2 21 38 6 2
1 21 38 6 3
-2 21 39 6 2
-3 21 40 6 2
-2 21 41 6 2
-2 21 42 6 2
-2 21 43 6 2
-1 21 46 6 2
-2 21 49 6 1
2 21 52 6 1
-2 21 53 6 2
-2 21 54 6 2
-2 21 55 6 2
-2 21 56 6 2
-2 21 57 6 2
-2 21 58 6 2
-3 21 59 6 2
-4 21 60 6 2
-1 21 61 6 2
-2 21 62 6 2
1 21 62 6 3
-3 21 63 6 2
-1 22 0 6 2
-1 22 4 6 2
-2 22 6 6 2
-1 22 7 6 2
1 22 13 6 1
1 22 19 6 2
1 22 20 6 2
2 22 22 6 2
2 22 23 6 2
2 22 24 6 2
1 22 25 6 2
2 22 27 6 2
-1 22 28 6 1
2 22 28 6 2
1 22 28 6 3
-1 22 29 6 3
2 22 30 6 2
-2 22 31 6 1
2 22 31 6 2
1 22 31 6 3
1 22 33 6 1
2 22 33 6 2
-1 22 34 6 1
3 22 34 6 2
-1 22 35 6 1
1 22 35 6 2
1 22 38 6 2
2 22 39 6 2
1 22 40 6 1
3 22 40 6 2
2 22 41 6 2
1 22 42 6 2
-1 22 44 6 1
1 22 46 6 1
1 22 48 6 1
-3 22 61 6 1
1 22 61 6 2
1 22 62 6 1
-1 23 0 6 2
-1 23 1 6 3
-1 23 3 6 1
1 23 3 6 3
1 23 7 6 1
-4 23 7 6 2
2 23 7 6 3
-7 23 8 6 2
-6 23 9 6 2
-4 23 10 6 2
-4 23 11 6 2
-1 23 11 6 3
-2 23 12 6 1
-1 23 12 6 2
-1 23 12 6 3
1 23 13 6 3
-1 23 14 6 2
1 23 17 6 1
-1 23 19 6 1
1 23 20 6 1
1 23 25 6 2
2 23 26 6 2
2 23 27 6 2
2 23 28 6 2
2 23 29 6 2
1 23 30 6 2
-1 23 31 6 1
-2 23 37 6 2
-2 23 38 6 2
-2 23 39 6 2
-1 23 40 6 2
-1 23 41 6 2
-2 23 43 6 2
-3 23 44 6 2
-2 23 48 6 2
-2 23 49 6 1
-1 23 50 6 1
3 23 52 6 1
-1 23 53 6 1
2 23 53 6 2
1 23 54 6 2
1 23 55 6 2
1 23 56 6 1
1 23 56 6 2
2 23 57 6 2
2 23 58 6 2
2 23 59 6 2
1 23 60 6 2
-1 23 61 6 1
1 23 61 6 2
4 23 62 6 2
2 23 63 6 2
1 24 3 6 1
-3 24 5 6 1
4 24 6 6 1
-4 24 12 6 1
-3 24 12 6 2
2 24 12 6 3
4 24 13 6 1
-2 24 13 6 2
-1 24 13 6 3
-1 24 17 6 2
-2 24 19 6 1
-1 24 19 6 2
1 24 23 6 1
-1 24 23 6 2
1 24 23 6 3
-7 24 24 6 2
-1 24 25 6 1
-6 24 25 6 2
-5 24 26 6 2
-4 24 27 6 2
-2 24 28 6 2
-1 24 29 6 2
-1 24 30 6 2
-1 24 31 6 1
1 24 36 6 1
-1 24 38 6 2
1 24 46 6 2
-1 24 46 6 3
1 24 47 6 2
1 24 48 6 2
1 24 56 6 1
1 25 1 6 3
1 25 3 6 2
-1 25 5 6 2
2 25 7 6 1
2 25 7 6 2
-1 25 7 6 3
-1 25 20 6 2
-5 25 21 6 2
-2 25 22 6 2
-3 25 23 6 2
-1 25 24 6 2
-7 25 31 6 1
2 25 32 6 1
-1 25 33 6 2
-2 25 34 6 2
-3 25 35 6 2
-3 25 36 6 2
-3 25 37 6 2
-5 25 38 6 2
-6 25 39 6 2
-5 25 40 6 2
-6 25 41 6 2
-5 25 42 6 2
-3 25 46 6 2
-1 25 47 6 1
-3 25 47 6 2
-2 25 48 6 2
1 25 52 6 1
1 25 53 6 2
1 25 54 6 2
1 25 56 6 1
1 26 1 6 3
-1 26 2 6 2
-1 26 2 6 3
-1 26 5 6 2
4 26 8 6 1
1 26 8 6 2
-1 26 12 6 2
-1 26 13 6 2
-1 26 14 6 2
-4 26 15 6 1
1 26 15 6 2
-2 26 15 6 3
3 26 16 6 1
2 26 16 6 2
1 26 16 6 3
-1 26 26 6 2
-1 26 28 6 2
-1 26 29 6 2
-1 26 30 6 2
-1 26 31 6 1
-1 26 31 6 2
-1 26 32 6 2
-1 26 43 6 1
-3 26 43 6 2
1 26 43 6 3
-3 26 44 6 2
1 26 52 6 1
-1 26 52 6 2
-1 26 52 6 3
-1 26 53 6 2
1 26 56 6 1
-1 26 62 6 1
1 27 0 6 1
1 27 0 6 3
-1 27 1 6 3
-1 27 3 6 1
-1 27 3 6 2
1 27 5 6 1
-1 27 6 6 1
1 27 7 6 1
1 27 9 6 1
1 27 20 6 3
1 27 21 6 1
-1 27 21 6 3
1 27 22 6 2
1 27 24 6 2
-3 27 28 6 1
3 27 28 6 2
-2 27 28 6 3
2 27 29 6 1
4 27 29 6 2
3 27 29 6 3
-2 27 31 6 1
1 27 39 6 2
1 27 40 6 1
-1 27 44 6 2
1 27 46 6 1
-1 27 57 6 1
-2 27 57 6 2
-2 27 58 6 2
-2 27 59 6 2
2 28 2 6 1
-1 28 4 6 2
1 28 5 6 1
-1 28 5 6 2
2 28 8 6 2
2 28 9 6 2
-1 28 18 6 2
-2 28 19 6 2
-2 28 20 6 2
-2 28 21 6 2
-1 28 22 6 2
-1 28 28 6 1
-1 28 28 6 2
1 28 28 6 3
-2 28 29 6 2
1 28 41 6 2
1 28 42 6 2
3 28 46 6 1
-1 28 47 6 2
-1 28 48 6 2
-1 28 49 6 2
1 28 57 6 3
-1 28 59 6 1
-1 28 62 6 2
-2 28 63 6 2
-2 29 0 6 2
-1 29 5 6 3
1 29 8 6 2
2 29 10 6 1
-2 29 26 6 1
2 29 28 6 1
1 29 30 6 2
2 29 31 6 2
1 29 31 6 3
-2 29 33 6 1
-1 29 34 6 1
1 29 36 6 1
1 29 37 6 1
1 29 37 6 2
-1 29 37 6 3
1 29 38 6 1
1 29 38 6 2
1 29 38 6 3
1 29 39 6 2
3 29 46 6 1
1 29 50 6 2
-1 29 53 6 2
1 30 3 6 2
1 30 4 6 1
-1 30 5 6 2
-1 30 7 6 1
1 30 8 6 2
1 30 10 6 1
1 30 10 6 2
1 30 11 6 1
1 30 11 6 2
1 30 11 6 3
-2 30 27 6 1
-1 30 27 6 2
-1 30 27 6 3
2 30 29 6 2
-1 30 30 6 1
1 30 34 6 1
1 30 34 6 3
-1 30 36 6 2
-1 30 37 6 1
1 30 46 6 1
1 30 54 6 2
3 30 55 6 2
1 30 57 6 1
-1 31 0 6 2
-2 31 1 6 2
1 31 5 6 1
-2 31 6 6 1
-1 31 7 6 1
1 31 9 6 2
1 31 10 6 2
3 31 11 6 1
3 31 11 6 2
2 31 12 6 1
3 31 12 6 2
1 31 12 6 3
-2 31 28 6 1
-1 31 28 6 2
1 31 29 6 2
-2 31 30 6 3
-2 31 31 6 1
-1 31 31 6 2
1 31 31 6 3
-1 31 33 6 2
-1 31 34 6 2
-1 31 34 6 3
4 31 35 6 2
3 31 36 6 2
2 31 37 6 2
1 31 38 6 1
1 31 38 6 2
1 31 41 6 2
1 31 42 6 2
1 31 43 6 2
-1 31 45 6 2
1 31 46 6 1
-2 31 48 6 1
-1 31 50 6 1
1 31 50 6 3
-1 31 54 6 3
2 31 55 6 2
1 31 55 6 3
1 31 59 6 1
-2 31 59 6 2
1 31 60 6 1
-1 31 60 6 3
-1 31 61 6 3
1 31 62 6 3
-1 32 0 6 1
1 32 5 6 2
1 32 6 6 2
2 32 7 6 2
1 32 8 6 2
-1 32 10 6 2
3 32 13 6 1
3 32 13 6 2
1 32 13 6 3
1 32 14 6 1
1 32 28 6 2
-1 32 29 6 2
-1 32 30 6 2
-1 32 33 6 2
-1 32 35 6 1
-1 32 35 6 2
-1 32 36 6 2
-1 32 45 6 2
-1 32 46 6 3
1 32 47 6 2
-1 32 51 6 1
-1 32 52 6 1
-1 32 53 6 1
-2 32 53 6 2
1 32 58 6 1
-1 32 59 6 2
1 32 60 6 2
-1 32 61 6 1
1 33 2 6 1
-1 33 2 6 2
2 33 4 6 2
-1 33 4 6 3
2 33 5 6 2
1 33 5 6 3
-1 33 7 6 2
-1 33 8 6 1
-1 33 8 6 2
-1 33 9 6 2
-1 33 12 6 1
1 33 14 6 1
2 33 14 6 2
-1 33 14 6 3
2 33 15 6 1
1 33 15 6 2
2 33 15 6 3
1 33 25 6 2
1 33 27 6 3
-1 33 30 6 2
-1 33 32 6 2
-1 33 36 6 2
-2 33 39 6 2
-1 33 41 6 2
-1 33 41 6 3
-1 33 43 6 2
-1 33 46 6 2
-1 33 47 6 2
-1 33 54 6 2
-1 33 56 6 1
-1 33 57 6 2
-1 33 59 6 2
-1 33 62 6 2
-1 33 63 6 2
-1 34 1 6 1
2 34 2 6 2
-2 34 5 6 2
-1 34 6 6 2
-1 34 7 6 2
-1 34 10 6 1
1 34 14 6 2
2 34 15 6 2
3 34 16 6 1
1 34 16 6 2
2 34 16 6 3
-1 34 17 6 1
2 34 17 6 2
-2 34 17 6 3
1 34 18 6 2
1 34 19 6 3
-1 34 27 6 2
-1 34 41 6 2
2 34 45 6 1
1 34 49 6 1
-1 34 52 6 1
-1 34 53 6 2
-1 34 54 6 1
1 34 55 6 1
1 34 60 6 1
-1 34 62 6 1
-1 35 1 6 2
-1 35 5 6 2
-1 35 6 6 1
-1 35 11 6 1
-2 35 15 6 2
2 35 16 6 1
-1 35 16 6 2
-1 35 17 6 1
-1 35 17 6 2
1 35 17 6 3
-2 35 18 6 1
-1 35 18 6 3
2 35 19 6 2
1 35 20 6 1
1 35 20 6 2
1 35 21 6 2
5 35 22 6 2
-1 35 22 6 3
1 35 23 6 1
6 35 23 6 2
1 35 23 6 3
1 35 24 6 3
-1 35 41 6 2
-1 35 47 6 2
1 35 48 6 2
1 35 53 6 3
1 35 55 6 1
1 35 58 6 3
1 35 59 6 1
-1 35 59 6 2
-1 35 61 6 1
-1 35 63 6 1
1 35 63 6 2
1 36 1 6 2
1 36 6 6 2
-2 36 11 6 2
-2 36 12 6 2
-1 36 12 6 3
-1 36 16 6 2
2 36 17 6 1
2 36 17 6 2
1 36 18 6 3
-1 36 19 6 1
-2 36 19 6 2
-1 36 19 6 3
2 36 20 6 2
1 36 21 6 1
-1 36 22 6 3
-1 36 24 6 2
-1 36 25 6 1
1 36 25 6 2
1 36 25 6 3
3 36 26 6 2
-1 36 26 6 3
4 36 27 6 2
4 36 28 6 2
3 36 29 6 2
1 36 30 6 2
1 36 38 6 2
3 36 39 6 2
4 36 40 6 2
3 36 41 6 2
2 36 43 6 1
-1 36 44 6 1
1 36 44 6 2
1 36 51 6 2
1 36 53 6 2
1 36 55 6 1
-1 36 60 6 1
1 36 60 6 2
-1 36 62 6 2
2 36 63 6 1
1 36 63 6 2
1 37 1 6 2
-1 37 2 6 2
2 37 2 6 3
-3 37 3 6 2
-1 37 4 6 2
-1 37 4 6 3
1 37 5 6 2
1 37 7 6 1
-2 37 9 6 2
-1 37 10 6 2
-1 37 14 6 2
-1 37 15 6 2
2 37 18 6 1
1 37 18 6 2
-1 37 20 6 1
-3 37 20 6 2
-1 37 21 6 2
-1 37 21 6 3
-2 37 23 6 2
-2 37 24 6 2
1 37 27 6 2
-1 37 29 6 2
-2 37 30 6 2
1 37 32 6 1
1 37 32 6 2
2 37 33 6 2
1 37 34 6 2
1 37 35 6 2
1 37 36 6 1
1 37 36 6 2
-1 37 39 6 2
2 37 43 6 2
1 37 44 6 2
-1 37 44 6 3
1 37 45 6 2
1 37 46 6 1
-1 37 46 6 2
-1 37 49 6 1
-1 37 58 6 1
1 37 58 6 2
1 37 59 6 3
-1 37 63 6 1
-1 37 63 6 2
-1 38 0 6 2
-1 38 1 6 1
-1 38 1 6 2
1 38 2 6 1
-1 38 4 6 1
-1 38 4 6 2
-1 38 6 6 2
-1 38 7 6 3
1 38 8 6 2
1 38 8 6 3
1 38 9 6 1
1 38 9 6 3
1 38 10 6 1
-2 38 11 6 2
-2 38 12 6 2
-1 38 15 6 2
-2 38 17 6 2
-1 38 21 6 1
1 38 22 6 2
1 38 23 6 2
1 38 24 6 2
-1 38 25 6 1
1 38 28 6 1
1 38 29 6 2
1 38 30 6 2
1 38 31 6 2
-1 38 34 6 2
-1 38 35 6 2
2 38 37 6 2
2 38 38 6 2
1 38 43 6 1
-2 38 43 6 2
-1 38 45 6 3
-1 38 46 6 1
1 38 48 6 3
1 38 53 6 2
1 38 55 6 1
-1 38 55 6 2
-1 38 56 6 2
-1 38 58 6 1
-1 38 58 6 2
1 39 0 6 2
1 39 2 6 2
1 39 3 6 1
1 39 3 6 2
1 39 3 6 3
-2 39 4 6 2
1 39 5 6 3
-1 39 6 6 3
-1 39 7 6 1
1 39 8 6 2
-1 39 8 6 3
1 39 9 6 2
1 39 10 6 2
1 39 11 6 2
-1 39 19 6 2
-1 39 22 6 1
-1 39 23 6 2
-1 39 24 6 2
-1 39 25 6 2
-1 39 26 6 2
-1 39 33 6 2
1 39 35 6 2
1 39 37 6 2
1 39 40 6 2
-1 39 41 6 1
1 39 42 6 1
-1 39 44 6 1
1 39 44 6 2
1 39 48 6 1
-1 39 52 6 1
1 39 53 6 1
-1 39 53 6 3
1 39 54 6 3
1 39 55 6 1
1 39 55 6 2
2 39 56 6 2
-1 39 57 6 1
1 39 57 6 2
1 39 58 6 1
-1 39 59 6 2
-1 39 60 6 2
1 39 60 6 3
-1 39 61 6 3
1 40 0 6 2
1 40 3 6 1
1 40 3 6 2
3 40 4 6 2
2 40 5 6 2
1 40 6 6 2
1 40 7 6 2
1 40 10 6 2
1 40 11 6 2
1 40 12 6 2
2 40 13 6 2
1 40 14 6 2
1 40 15 6 1
1 40 42 6 1
-1 40 42 6 3
-1 40 44 6 2
-1 40 46 6 2
1 40 48 6 2
-1 40 50 6 2
-1 40 52 6 1
1 40 52 6 3
-1 40 56 6 3
1 40 57 6 1
1 40 60 6 1
-1 40 63 6 2
1 41 3 6 2
1 41 5 6 2
1 41 23 6 2
-1 41 24 6 1
-1 41 24 6 2
-1 41 40 6 2
1 41 42 6 1
-1 41 42 6 2
1 41 50 6 2
-1 41 51 6 1
1 41 52 6 1
-1 41 52 6 2
1 41 54 6 1
-1 41 55 6 1
1 41 55 6 2
1 41 58 6 2
1 41 62 6 2
1 41 63 6 2
-1 42 4 6 2
1 42 7 6 1
1 42 9 6 2
1 42 10 6 2
-1 42 11 6 1
1 42 11 6 2
1 42 40 6 1
-1 42 41 6 1
-1 42 41 6 2
1 42 42 6 1
1 42 43 6 1
-1 42 44 6 1
1 42 45 6 1
1 42 45 6 2
-1 42 47 6 2
1 42 51 6 1
-1 42 52 6 1
1 42 53 6 1
1 42 53 6 2
-1 42 53 6 3
-1 42 54 6 1
-2 42 58 6 2
-1 42 58 6 3
-1 42 60 6 1
-1 42 60 6 2
-1 42 63 6 1
-1 43 6 6 2
-2 43 7 6 2
-1 43 8 6 2
-1 43 9 6 1
1 43 17 6 2
1 43 23 6 2
-1 43 38 6 2
-1 43 42 6 1
1 43 46 6 2
1 43 47 6 2
-1 43 55 6 1
1 43 56 6 3
-2 43 58 6 1
1 43 58 6 2
1 43 58 6 3
-1 43 59 6 3
-1 43 60 6 1
-1 43 60 6 2
-1 43 63 6 1
1 44 1 6 2
1 44 5 6 1
1 44 6 6 2
2 44 7 6 2
1 44 8 6 2
-1 44 13 6 2
1 44 23 6 2
1 44 24 6 2
1 44 28 6 2
1 44 36 6 2
1 44 37 6 2
1 44 38 6 3
-1 44 43 6 1
-1 44 44 6 2
-1 44 45 6 1
-1 44 45 6 2
-1 44 46 6 1
-2 44 46 6 2
1 44 47 6 1
1 44 51 6 1
-1 44 54 6 2
-1 44 55 6 1
1 44 56 6 3
-1 44 58 6 1
-1 44 58 6 3
-1 44 62 6 2
-1 44 63 6 1
1 44 63 6 2
1 45 6 6 1
1 45 13 6 2
1 45 14 6 3
-1 45 18 6 2
1 45 27 6 2
1 45 30 6 2
1 45 38 6 2
-1 45 41 6 1
1 45 41 6 2
4 45 42 6 1
1 45 42 6 3
-3 45 46 6 2
-1 45 48 6 2
1 45 51 6 1
-1 45 52 6 1
1 45 52 6 2
1 45 56 6 1
-1 45 59 6 2
-1 45 61 6 1
1 45 62 6 1
-1 45 62 6 2
1 46 9 6 1
1 46 11 6 1
1 46 12 6 1
1 46 12 6 2
-1 46 21 6 2
-1 46 29 6 2
-1 46 30 6 2
1 46 37 6 2
1 46 39 6 1
1 46 40 6 2
1 46 41 6 3
1 46 42 6 1
-1 46 42 6 2
-2 46 42 6 3
2 46 44 6 1
1 46 50 6 2
-1 46 50 6 3
1 46 52 6 1
-1 46 55 6 2
1 46 56 6 2
1 46 58 6 1
-1 46 58 6 2
-1 46 63 6 2
1 47 4 6 1
1 47 5 6 2
1 47 6 6 2
1 47 13 6 2
-1 47 23 6 2
1 47 29 6 1
1 47 30 6 2
1 47 32 6 2
-1 47 34 6 1
-1 47 37 6 2
-1 47 38 6 2
1 47 39 6 2
1 47 42 6 2
1 47 43 6 3
1 47 44 6 1
-1 47 52 6 1
-1 47 52 6 2
-1 47 54 6 1
1 47 55 6 1
1 47 55 6 2
-1 47 57 6 2
1 47 58 6 3
-1 47 61 6 1
1 47 63 6 2
1 48 11 6 2
1 48 12 6 2
1 48 13 6 2
1 48 14 6 2
-1 48 15 6 1
1 48 15 6 2
1 48 21 6 2
-1 48 22 6 1
1 48 28 6 3
-1 48 29 6 1
-1 48 29 6 3
1 48 33 6 2
1 48 34 6 2
1 48 35 6 2
1 48 36 6 1
1 48 36 6 2
-1 48 38 6 2
1 48 47 6 1
1 48 54 6 1
-1 48 56 6 2
2 48 58 6 2
1 48 60 6 2
-1 48 62 6 1
-1 49 0 6 2
-1 49 1 6 2
2 49 17 6 1
1 49 17 6 2
2 49 18 6 2
3 49 19 6 2
1 49 20 6 2
1 49 20 6 3
-1 49 21 6 1
-1 49 21 6 3
1 49 22 6 2
1 49 23 6 2
-1 49 24 6 1
1 49 27 6 1
-1 49 28 6 1
-1 49 28 6 3
1 49 29 6 3
-1 49 30 6 1
-1 49 32 6 1
2 49 34 6 1
-2 49 37 6 2
-1 49 39 6 2
-1 49 40 6 1
-1 49 41 6 2
1 49 46 6 3
-1 49 48 6 2
-1 49 49 6 1
-1 49 53 6 1
1 49 54 6 1
-1 49 60 6 2
1 49 61 6 1
1 49 62 6 2
1 49 62 6 3
1 49 63 6 3
-1 50 9 6 1
-1 50 16 6 2
1 50 16 6 3
-3 50 17 6 2
-1 50 18 6 1
-1 50 18 6 2
1 50 20 6 1
1 50 24 6 2
1 50 26 6 2
1 50 27 6 1
-1 50 28 6 1
-1 50 31 6 1
-1 50 32 6 1
1 50 34 6 1
2 50 39 6 2
1 50 40 6 2
-1 50 42 6 2
1 50 44 6 2
1 50 50 6 2
-1 50 58 6 2
1 50 61 6 1
-1 51 9 6 1
3 51 16 6 1
-2 51 16 6 2
-2 51 18 6 1
1 51 18 6 3
1 51 22 6 1
-1 51 23 6 2
-1 51 25 6 2
1 51 29 6 2
1 51 30 6 2
1 51 31 6 2
1 51 32 6 1
1 51 34 6 1
1 51 34 6 2
-1 51 35 6 2
-1 51 36 6 3
-2 51 38 6 2
-3 51 39 6 2
-1 51 40 6 2
1 51 44 6 1
1 51 45 6 2
-1 51 47 6 1
2 51 47 6 2
3 51 48 6 2
1 51 49 6 1
-1 51 54 6 3
-1 52 3 6 1
1 52 8 6 1
-1 52 8 6 2
-1 52 9 6 2
1 52 15 6 1
3 52 16 6 1
-1 52 18 6 2
-1 52 20 6 2
-1 52 21 6 2
1 52 22 6 1
-1 52 28 6 1
1 52 34 6 1
1 52 39 6 2
-1 52 45 6 1
-1 52 45 6 2
1 52 45 6 3
-2 52 46 6 2
-1 52 47 6 3
3 52 49 6 1
1 52 49 6 2
1 52 50 6 2
-1 52 51 6 1
-1 52 54 6 3
1 52 55 6 2
1 52 56 6 2
1 53 8 6 1
1 53 8 6 2
1 53 16 6 2
-1 53 28 6 1
1 53 33 6 1
1 53 34 6 1
-1 53 41 6 2
1 53 43 6 1
1 53 46 6 1
-1 53 49 6 2
1 53 53 6 1
-1 53 55 6 1
-1 53 56 6 1
-1 53 57 6 3
2 53 58 6 2
-1 53 62 6 1
-1 54 0 6 2
-1 54 1 6 1
1 54 8 6 1
1 54 15 6 1
-1 54 24 6 1
-1 54 29 6 2
-1 54 30 6 2
-2 54 31 6 2
-2 54 32 6 2
-2 54 33 6 2
2 54 34 6 1
-1 54 38 6 1
1 54 40 6 2
1 54 46 6 2
1 54 48 6 2
-1 54 48 6 3
2 54 49 6 2
1 54 49 6 3
1 54 58 6 1
1 54 59 6 2
-1 54 61 6 3
1 54 62 6 1
1 55 15 6 1
1 55 17 6 1
-1 55 22 6 1
-1 55 44 6 2
-1 55 48 6 1
-1 55 48 6 2
1 55 51 6 2
1 55 53 6 1
1 55 55 6 2
-1 55 56 6 1
1 55 58 6 3
1 55 59 6 3
-1 56 1 6 2
1 56 15 6 1
1 56 17 6 1
-1 56 22 6 1
1 56 45 6 3
1 56 46 6 1
1 56 51 6 2
1 56 53 6 1
1 56 54 6 1
1 56 54 6 3
-3 56 55 6 2
-1 56 60 6 1
-1 56 60 6 3
1 56 61 6 1
-1 56 61 6 2
1 57 0 6 2
1 57 15 6 1
1 57 17 6 1
-1 57 24 6 2
1 57 44 6 2
-1 57 44 6 3
1 57 45 6 1
-1 57 48 6 1
2 57 48 6 2
1 57 48 6 3
-1 57 52 6 1
1 57 52 6 3
1 57 54 6 1
1 57 54 6 2
-1 57 55 6 1
2 57 55 6 2
-1 57 56 6 1
1 57 56 6 2
1 57 56 6 3
-1 57 59 6 1
-1 57 60 6 2
1 57 61 6 2
1 57 62 6 1
-1 58 3 6 1
1 58 17 6 1
1 58 21 6 1
-1 58 25 6 3
1 58 27 6 1
-1 58 28 6 1
-1 58 44 6 1
2 58 44 6 2
1 58 45 6 1
-1 58 47 6 1
1 58 48 6 3
1 58 49 6 2
-2 58 51 6 1
1 58 51 6 2
1 58 55 6 1
-1 58 55 6 2
-1 58 61 6 3
1 58 63 6 1
-1 58 63 6 2
-1 59 3 6 1
-1 59 13 6 3
1 59 17 6 1
1 59 21 6 1
-1 59 22 6 2
1 59 23 6 2
1 59 27 6 1
-1 59 28 6 1
-2 59 43 6 2
-1 59 44 6 2
-1 59 45 6 2
-1 59 51 6 1
-1 59 54 6 2
1 59 55 6 1
-1 59 56 6 2
2 59 60 6 1
-1 59 61 6 1
-1 60 15 6 1
1 60 22 6 1
-1 60 25 6 1
1 60 25 6 2
-1 60 28 6 1
2 60 42 6 1
-1 60 42 6 2
-1 60 42 6 3
1 60 47 6 2
-1 60 51 6 2
-1 60 52 6 2
1 60 53 6 1
-1 60 53 6 2
-1 60 54 6 2
1 60 55 6 1
1 60 60 6 1
1 60 61 6 3
1 61 5 6 2
1 61 9 6 1
1 61 18 6 1
-1 61 19 6 1
1 61 24 6 2
-1 61 26 6 2
-1 61 27 6 1
1 61 28 6 1
1 61 35 6 2
1 61 46 6 1
-1 61 61 6 1
-1 61 62 6 3
1 62 3 6 3
1 62 13 6 1
-1 62 15 6 1
-1 62 21 6 1
1 62 22 6 1
1 62 22 6 3
-1 62 23 6 1
1 62 26 6 2
1 62 49 6 1
1 62 49 6 2
-1 62 53 6 1
-1 62 56 6 2
1 63 3 6 1
1 63 3 6 2
1 63 4 6 2
1 63 5 6 2
-1 63 15 6 1
1 63 17 6 1
-1 63 18 6 2
-1 63 19 6 2
-1 63 20 6 2
-1 63 21 6 1
-1 63 21 6 2
-1 63 24 6 1
-2 63 24 6 2
-2 63 25 6 2
1 63 26 6 1
-1 63 26 6 2
-2 63 27 6 2
-2 63 28 6 2
-2 63 29 6 2
-2 63 30 6 2
-3 63 31 6 2
-3 63 32 6 2
-1 63 33 6 1
-4 63 33 6 2
1 63 34 6 1
-4 63 34 6 2
-4 63 35 6 2
-3 63 36 6 2
-4 63 37 6 2
-4 63 38 6 2
-3 63 39 6 2
-3 63 40 6 2
-2 63 41 6 2
-1 63 42 6 2
-1 63 43 6 2
-2 63 44 6 2
-2 63 45 6 2
-1 63 46 6 2
-2 63 47 6 2
-1 63 48 6 2
-1 63 49 6 2
-1 63 50 6 2
-1 63 51 6 2
-1 63 53 6 2
-1 63 54 6 2
-3 0 0 5 1
1 0 0 5 2
1 0 1 5 1
1 0 2 5 1
4 0 3 5 1
-2 0 4 5 1
-1 0 4 5 2
-1 0 5 5 1
1 0 6 5 1
-1 0 7 5 1
-1 0 7 5 2
-1 0 7 5 3
1 0 8 5 1
1 0 9 5 1
-1 0 9 5 2
-1 0 10 5 2
1 0 11 5 1
2 0 12 5 1
1 0 12 5 2
-2 0 14 5 2
-4 0 15 5 1
-2 0 15 5 2
-1 0 16 5 2
1 0 17 5 1
-3 0 17 5 2
1 0 17 5 3
1 0 18 5 1
-1 0 18 5 2
-2 0 19 5 1
1 0 20 5 1
-1 0 20 5 2
1 0 21 5 3
-1 0 22 5 2
-2 0 23 5 1
-1 0 23 5 2
-1 0 23 5 3
1 0 24 5 1
-1 0 24 5 2
-1 0 25 5 2
-1 0 25 5 3
-1 0 26 5 1
1 0 27 5 1
1 0 27 5 2
1 0 28 5 1
1 0 28 5 2
-1 0 29 5 2
-2 0 30 5 2
-2 0 31 5 2
1 1 0 5 2
2 1 0 5 3
2 1 2 5 1
-1 1 2 5 2
3 1 3 5 1
4 1 3 5 2
1 1 4 5 1
1 1 5 5 3
-5 1 7 5 1
1 1 8 5 1
2 1 9 5 1
-1 1 10 5 1
3 1 12 5 1
3 1 12 5 3
-1 1 13 5 1
1 1 13 5 3
-2 1 15 5 1
1 1 15 5 3
-2 1 16 5 2
-1 1 16 5 3
5 1 17 5 1
-2 1 18 5 2
-1 1 18 5 3
-1 1 19 5 1
-1 1 19 5 2
1 1 20 5 2
4 1 21 5 1
1 1 21 5 2
-1 1 21 5 3
-2 1 23 5 1
-3 1 23 5 2
1 1 23 5 3
-1 1 24 5 2
1 1 27 5 1
-1 1 28 5 1
1 1 28 5 2
1 1 29 5 1
1 1 29 5 2
-1 1 30 5 1
1 1 31 5 2
-1 1 31 5 3
1 2 0 5 1
-4 2 0 5 2
-1 2 0 5 3
-2 2 1 5 3
-1 2 2 5 1
4 2 2 5 2
2 2 2 5 3
6 2 3 5 1
-1 2 4 5 3
-2 2 6 5 1
1 2 6 5 2
-1 2 7 5 1
-1 2 8 5 2
1 2 9 5 1
1 2 9 5 2
-2 2 10 5 1
-1 2 11 5 3
1 2 12 5 1
-8 2 14 5 1
1 2 14 5 2
1 2 15 5 1
-3 2 16 5 1
1 2 17 5 1
-1 2 17 5 2
-1 2 17 5 3
-2 2 20 5 2
-1 2 20 5 3
1 2 21 5 1
-2 2 22 5 1
-1 2 23 5 1
1 2 23 5 2
-1 2 23 5 3
-1 2 24 5 2
-2 2 27 5 2
-1 2 28 5 2
-1 2 30 5 1
-3 2 31 5 1
-1 3 0 5 2
-1 3 0 5 3
-6 3 1 5 1
1 3 1 5 2
8 3 3 5 1
-1 3 5 5 1
-1 3 5 5 3
-7 3 7 5 1
1 3 8 5 1
2 3 9 5 1
1 3 10 5 1
-1 3 10 5 2
-2 3 12 5 3
2 3 13 5 1
1 3 13 5 3
-7 3 14 5 1
3 3 15 5 1
-1 3 15 5 2
1 3 16 5 1
-3 3 16 5 2
-1 3 17 5 1
-2 3 18 5 1
3 3 18 5 2
-1 3 18 5 3
4 3 19 5 2
2 3 20 5 2
1 3 20 5 3
-1 3 21 5 3
3 3 22 5 1
3 3 22 5 2
3 3 22 5 3
1 3 23 5 2
-1 3 25 5 1
3 3 25 5 2
-2 3 25 5 3
-1 3 29 5 2
1 3 30 5 1
-1 3 30 5 2
-2 3 31 5 1
-2 3 31 5 2
1 3 31 5 3
-10 4 1 5 1
-1 4 2 5 2
5 4 3 5 1
-1 4 5 5 1
1 4 5 5 3
-6 4 7 5 1
1 4 8 5 1
1 4 8 5 3
1 4 9 5 1
2 4 10 5 1
2 4 11 5 2
-1 4 11 5 3
3 4 12 5 2
-2 4 13 5 1
2 4 13 5 2
-1 4 13 5 3
-5 4 14 5 1
1 4 14 5 2
2 4 14 5 3
-1 4 15 5 3
2 4 16 5 1
1 4 16 5 2
2 4 16 5 3
-1 4 17 5 2
-1 4 18 5 2
-1 4 18 5 3
1 4 20 5 1
-1 4 20 5 3
-1 4 21 5 1
2 4 21 5 2
-2 4 21 5 3
4 4 22 5 1
1 4 22 5 2
-1 4 23 5 2
-1 4 25 5 2
-1 4 25 5 3
1 4 26 5 3
5 4 27 5 1
2 4 27 5 2
2 4 27 5 3
-1 4 29 5 2
-1 4 30 5 1
-2 4 31 5 1
-11 5 1 5 1
5 5 3 5 1
-2 5 4 5 1
5 5 5 5 1
-1 5 5 5 2
-1 5 6 5 2
1 5 6 5 3
-5 5 7 5 1
-1 5 7 5 3
1 5 8 5 1
-1 5 9 5 3
2 5 10 5 1
2 5 10 5 2
-1 5 10 5 3
1 5 11 5 1
2 5 11 5 3
-1 5 12 5 1
1 5 12 5 3
-4 5 13 5 2
-1 5 13 5 3
-1 5 14 5 3
-4 5 15 5 1
5 5 16 5 1
-1 5 16 5 2
-1 5 17 5 1
1 5 18 5 2
1 5 19 5 2
-1 5 20 5 3
-1 5 21 5 1
3 5 22 5 1
-1 5 22 5 3
2 5 23 5 2
2 5 25 5 2
-1 5 26 5 3
4 5 27 5 1
4 5 28 5 1
3 5 28 5 2
-1 5 28 5 3
2 5 29 5 2
1 6 0 5 2
-10 6 1 5 1
2 6 2 5 2
6 6 3 5 1
1 6 3 5 2
1 6 3 5 3
-5 6 4 5 1
-1 6 5 5 2
-4 6 5 5 3
2 6 6 5 2
-1 6 6 5 3
-7 6 7 5 1
1 6 8 5 1
3 6 8 5 2
-1 6 10 5 1
-1 6 11 5 2
-1 6 11 5 3
-4 6 12 5 1
1 6 12 5 2
1 6 13 5 1
3 6 13 5 2
1 6 13 5 3
-3 6 14 5 1
2 6 14 5 2
1 6 14 5 3
-1 6 15 5 3
1 6 16 5 1
-1 6 16 5 3
-1 6 17 5 1
-1 6 17 5 2
-1 6 18 5 2
-1 6 18 5 3
-2 6 19 5 1
2 6 19 5 3
-2 6 20 5 1
-1 6 20 5 2
-1 6 20 5 3
1 6 21 5 1
-4 6 21 5 2
1 6 21 5 3
1 6 22 5 1
-3 6 22 5 2
-1 6 22 5 3
-2 6 23 5 2
-1 6 23 5 3
1 6 24 5 1
3 6 24 5 3
2 6 25 5 1
-2 6 25 5 2
-3 6 26 5 1
1 6 27 5 1
-1 6 27 5 3
-4 6 28 5 2
2 6 28 5 3
1 6 29 5 1
-2 6 29 5 2
-1 6 29 5 3
1 7 0 5 1
3 7 0 5 2
-8 7 1 5 1
-1 7 2 5 1
3 7 3 5 1
-2 7 3 5 2
-2 7 3 5 3
-3 7 4 5 1
1 7 4 5 2
2 7 5 5 1
1 7 5 5 3
2 7 6 5 1
1 7 6 5 2
-1 7 6 5 3
-5 7 7 5 1
1 7 7 5 2
1 7 7 5 3
1 7 9 5 1
2 7 9 5 2
1 7 10 5 1
1 7 10 5 2
-4 7 11 5 1
3 7 11 5 2
-1 7 11 5 3
1 7 12 5 2
1 7 13 5 1
1 7 13 5 2
-1 7 14 5 2
3 7 15 5 1
1 7 15 5 2
1 7 15 5 3
2 7 16 5 2
1 7 16 5 3
2 7 17 5 2
1 7 18 5 1
4 7 18 5 2
-2 7 19 5 2
2 7 21 5 1
1 7 22 5 1
1 7 24 5 1
-5 7 26 5 1
-1 7 26 5 2
1 7 27 5 1
-2 7 27 5 3
2 7 28 5 1
1 7 28 5 2
1 7 28 5 3
2 7 29 5 2
1 7 29 5 3
-2 7 30 5 1
1 7 31 5 1
-7 8 1 5 1
1 8 3 5 1
-1 8 4 5 1
-3 8 4 5 2
-2 8 5 5 2
-1 8 6 5 1
-1 8 6 5 2
2 8 6 5 3
-5 8 7 5 2
1 8 7 5 3
-6 8 8 5 2
-5 8 9 5 2
-3 8 10 5 1
-3 8 10 5 3
3 8 11 5 3
-5 8 12 5 2
1 8 13 5 1
-4 8 13 5 2
-1 8 13 5 3
1 8 14 5 1
-4 8 14 5 2
-4 8 15 5 2
-1 8 15 5 3
-2 8 16 5 2
-4 8 17 5 2
-4 8 18 5 2
-4 8 19 5 2
-3 8 20 5 2
-2 8 21 5 2
-1 8 22 5 3
4 8 23 5 2
-1 8 23 5 3
2 8 24 5 1
3 8 24 5 2
5 8 25 5 2
1 8 26 5 1
5 8 26 5 2
-1 8 27 5 1
8 8 27 5 2
1 8 28 5 1
4 8 28 5 2
1 8 28 5 3
2 8 29 5 2
3 8 30 5 2
1 8 31 5 1
5 8 31 5 2
-1 8 31 5 3
1 9 0 5 2
-3 9 1 5 1
-1 9 3 5 3
2 9 4 5 1
2 9 4 5 2
3 9 5 5 2
1 9 6 5 1
1 9 6 5 2
3 9 7 5 2
-1 9 7 5 3
1 9 8 5 2
1 9 8 5 3
1 9 9 5 1
-2 9 9 5 2
1 9 9 5 3
-3 9 10 5 1
-2 9 11 5 2
-1 9 12 5 2
-1 9 15 5 1
-1 9 15 5 2
4 9 16 5 1
-1 9 16 5 2
2 9 17 5 1
-3 9 18 5 1
-3 9 18 5 2
5 9 19 5 1
-2 9 19 5 2
2 9 19 5 3
-5 9 20 5 2
-4 9 21 5 2
-6 9 22 5 1
-2 9 22 5 2
-2 9 22 5 3
1 9 23 5 1
-2 9 23 5 2
11 9 24 5 1
1 9 24 5 2
3 9 24 5 3
-2 9 25 5 2
-1 9 26 5 2
-1 9 27 5 1
-1 9 27 5 2
-1 9 28 5 2
-6 9 30 5 1
-2 9 30 5 3
3 9 31 5 1
-1 9 31 5 2
1 9 31 5 3
-2 10 0 5 1
1 10 0 5 2
2 10 0 5 3
-1 10 5 5 2
-1 10 7 5 2
1 10 7 5 3
-4 10 8 5 2
-2 10 9 5 2
1 10 9 5 3
-4 10 10 5 1
-2 10 10 5 2
-2 10 10 5 3
-3 10 11 5 2
-3 10 12 5 2
-1 10 13 5 2
-1 10 15 5 2
1 10 16 5 1
-1 10 17 5 2
-1 10 18 5 1
1 10 19 5 1
-1 10 20 5 2
2 10 21 5 1
-1 10 21 5 2
-1 10 22 5 2
2 10 24 5 1
-2 10 24 5 2
-1 10 24 5 3
1 10 25 5 2
1 10 26 5 1
2 10 26 5 3
-4 10 27 5 2
-4 10 28 5 2
-7 10 29 5 2
-3 10 30 5 1
-6 10 30 5 2
-5 10 31 5 2
-7 11 0 5 2
-7 11 1 5 2
-1 11 1 5 3
-2 11 2 5 1
-2 11 2 5 2
-1 11 2 5 3
1 11 3 5 1
-4 11 3 5 2
2 11 3 5 3
-7 11 4 5 2
-6 11 5 5 2
-1 11 6 5 1
1 11 7 5 2
-1 11 7 5 3
1 11 8 5 1
3 11 8 5 2
-2 11 9 5 2
-3 11 10 5 1
2 11 11 5 2
1 11 12 5 1
2 11 12 5 2
2 11 13 5 2
-1 11 14 5 1
1 11 14 5 3
1 11 15 5 2
3 11 16 5 1
2 11 16 5 2
-2 11 16 5 3
-2 11 17 5 1
2 11 17 5 2
1 11 17 5 3
-2 11 18 5 2
-1 11 19 5 2
-1 11 19 5 3
1 11 20 5 1
9 11 20 5 2
-1 11 20 5 3
9 11 21 5 2
-2 11 22 5 1
4 11 22 5 2
4 11 22 5 3
6 11 23 5 2
-1 11 23 5 3
5 11 24 5 1
2 11 24 5 2
-5 11 24 5 3
8 11 25 5 2
6 11 26 5 2
-1 11 26 5 3
8 11 27 5 2
6 11 28 5 2
7 11 29 5 2
-4 11 30 5 1
3 11 30 5 2
2 11 30 5 3
2 11 31 5 1
3 11 31 5 2
-2 12 0 5 1
-1 12 0 5 2
1 12 1 5 2
-2 12 2 5 1
-1 12 2 5 2
3 12 2 5 3
4 12 3 5 1
8 12 3 5 2
-1 12 5 5 1
-5 12 6 5 2
-1 12 8 5 2
-1 12 9 5 1
-3 12 9 5 2
-4 12 10 5 1
-11 12 10 5 2
-13 12 11 5 2
-1 12 11 5 3
-9 12 12 5 2
-13 12 13 5 2
-15 12 14 5 2
-3 12 15 5 1
-11 12 15 5 2
-4 12 15 5 3
6 12 16 5 1
-8 12 16 5 2
6 12 16 5 3
-13 12 17 5 2
-10 12 18 5 2
-9 12 19 5 2
-6 12 20 5 2
-2 12 21 5 1
-2 12 21 5 2
-1 12 21 5 3
-2 12 23 5 2
1 12 24 5 1
-2 12 24 5 2
-1 12 26 5 1
-1 12 28 5 1
1 12 28 5 2
1 12 29 5 2
-1 12 29 5 3
1 12 30 5 2
3 12 31 5 2
-1 12 31 5 3
1 13 0 5 3
-3 13 1 5 1
-2 13 1 5 2
1 13 1 5 3
3 13 2 5 1
1 13 3 5 1
-5 13 3 5 2
6 13 4 5 1
-1 13 5 5 1
-2 13 5 5 2
-1 13 6 5 2
-3 13 7 5 1
-4 13 7 5 2
2 13 7 5 3
4 13 8 5 1
-3 13 8 5 3
4 13 9 5 2
3 13 10 5 2
1 13 11 5 2
2 13 12 5 2
1 13 13 5 2
-1 13 14 5 1
5 13 14 5 2
-1 13 15 5 1
1 13 16 5 1
1 13 17 5 2
1 13 18 5 2
-1 13 20 5 2
-3 13 21 5 1
-4 13 21 5 2
2 13 21 5 3
-8 13 22 5 1
-4 13 22 5 2
-4 13 22 5 3
-1 13 25 5 2
-2 13 26 5 2
-5 13 27 5 2
-1 13 28 5 1
-2 13 28 5 2
-2 13 29 5 2
-1 13 30 5 2
1 14 0 5 1
-2 14 0 5 2
1 14 1 5 2
-1 14 1 5 3
1 14 3 5 2
-1 14 3 5 3
2 14 4 5 2
1 14 5 5 1
1 14 5 5 2
1 14 5 5 3
-1 14 9 5 2
-3 14 10 5 2
-3 14 11 5 2
-3 14 12 5 2
-1 14 13 5 1
2 14 13 5 2
-1 14 13 5 3
1 14 14 5 3
3 14 15 5 2
-2 14 16 5 1
3 14 16 5 2
-2 14 16 5 3
9 14 17 5 2
8 14 18 5 2
1 14 19 5 1
2 14 19 5 2
1 14 19 5 3
1 14 20 5 2
1 14 21 5 2
-11 14 22 5 1
3 14 23 5 1
-1 14 24 5 1
-1 14 24 5 2
-2 14 25 5 2
-1 14 26 5 2
-1 14 27 5 2
-1 14 29 5 2
-3 14 31 5 2
-1 15 0 5 1
1 15 1 5 1
2 15 2 5 1
-1 15 2 5 2
1 15 2 5 3
-4 15 3 5 1
-1 15 3 5 2
-1 15 4 5 1
1 15 4 5 2
9 15 5 5 1
5 15 5 5 2
-1 15 5 5 3
1 15 6 5 1
2 15 6 5 2
1 15 7 5 2
1 15 8 5 2
-3 15 13 5 1
-4 15 13 5 2
2 15 13 5 3
-2 15 14 5 1
1 15 14 5 2
-2 15 14 5 3
-1 15 15 5 1
-1 15 15 5 2
3 15 15 5 3
-6 15 16 5 1
1 15 16 5 2
2 15 17 5 1
3 15 17 5 2
-1 15 18 5 1
3 15 18 5 2
2 15 19 5 1
2 15 19 5 2
3 15 20 5 2
3 15 21 5 2
-7 15 22 5 1
1 15 22 5 2
2 15 22 5 3
5 15 23 5 1
-3 15 24 5 1
-1 15 26 5 1
2 15 26 5 2
-1 15 26 5 3
-1 15 27 5 1
5 15 27 5 2
-1 15 29 5 1
3 15 29 5 2
-1 15 29 5 3
1 15 30 5 2
-2 16 0 5 2
-1 16 1 5 1
-2 16 1 5 2
-1 16 2 5 1
-1 16 2 5 3
-2 16 3 5 1
3 16 3 5 3
-1 16 4 5 1
-3 16 4 5 2
-2 16 5 5 2
3 16 6 5 1
3 16 6 5 2
-4 16 6 5 3
3 16 7 5 1
4 16 7 5 2
1 16 7 5 3
-1 16 10 5 2
2 16 13 5 2
-1 16 14 5 1
1 16 14 5 3
-1 16 15 5 2
-1 16 16 5 1
-5 16 16 5 2
1 16 16 5 3
-6 16 17 5 2
-8 16 18 5 2
-6 16 19 5 2
-1 16 19 5 3
-4 16 20 5 2
-1 16 21 5 2
1 16 22 5 1
-2 16 22 5 2
-1 16 23 5 3
-1 16 24 5 1
2 16 25 5 1
1 16 25 5 3
-1 16 26 5 1
-2 16 26 5 2
1 16 28 5 3
1 16 29 5 1
-1 16 29 5 2
-1 16 29 5 3
1 16 30 5 2
1 16 31 5 1
1 17 0 5 2
-1 17 1 5 1
2 17 1 5 2
-3 17 2 5 2
1 17 2 5 3
-3 17 3 5 2
-2 17 4 5 2
-3 17 5 5 1
-1 17 5 5 3
1 17 7 5 1
-1 17 7 5 2
3 17 8 5 1
1 17 8 5 2
3 17 8 5 3
7 17 9 5 2
-1 17 9 5 3
9 17 10 5 2
5 17 11 5 2
-1 17 13 5 2
-1 17 17 5 2
-1 17 18 5 2
-2 17 19 5 2
-2 17 22 5 1
1 17 22 5 3
-1 17 23 5 1
1 17 23 5 2
1 17 23 5 3
1 17 24 5 2
-1 17 26 5 2
1 17 27 5 3
2 17 29 5 3
-2 17 30 5 3
-1 18 0 5 2
-3 18 1 5 2
-1 18 1 5 3
-1 18 2 5 3
1 18 3 5 1
1 18 3 5 2
1 18 3 5 3
-2 18 4 5 2
-1 18 5 5 1
-5 18 5 5 2
-5 18 6 5 2
-1 18 7 5 2
-1 18 7 5 3
1 18 8 5 1
3 18 8 5 2
4 18 9 5 3
-4 18 10 5 2
-1 18 10 5 3
2 18 12 5 2
1 18 13 5 2
2 18 14 5 1
-1 18 14 5 3
4 18 15 5 2
-1 18 15 5 3
2 18 16 5 2
6 18 17 5 2
-1 18 17 5 3
6 18 18 5 2
-1 18 19 5 1
5 18 19 5 2
-1 18 20 5 1
1 18 20 5 2
1 18 20 5 3
2 18 21 5 1
-1 18 21 5 3
-1 18 22 5 1
2 18 22 5 3
1 18 25 5 1
-1 18 25 5 3
1 18 28 5 2
3 18 29 5 2
1 18 30 5 2
1 19 1 5 1
5 19 1 5 2
1 19 1 5 3
-1 19 2 5 2
1 19 2 5 3
1 19 3 5 1
-1 19 3 5 2
-2 19 3 5 3
3 19 4 5 2
3 19 5 5 2
-1 19 6 5 1
1 19 6 5 2
-1 19 7 5 1
-2 19 7 5 2
-1 19 8 5 2
1 19 9 5 1
-2 19 9 5 2
-1 19 10 5 1
-2 19 10 5 2
1 19 10 5 3
-2 19 11 5 1
-3 19 11 5 2
-2 19 11 5 3
1 19 12 5 1
1 19 12 5 2
1 19 12 5 3
1 19 13 5 1
-2 19 13 5 2
1 19 14 5 1
-2 19 14 5 3
1 19 19 5 2
1 19 19 5 3
-1 19 20 5 2
2 19 21 5 1
-3 19 21 5 2
-2 19 23 5 2
-1 19 24 5 2
1 19 25 5 1
-1 19 25 5 3
1 19 27 5 1
-1 19 28 5 1
-1 19 29 5 2
-1 19 30 5 3
-1 19 31 5 3
3 20 0 5 2
3 20 1 5 2
7 20 2 5 2
4 20 3 5 2
1 20 4 5 2
1 20 5 5 2
3 20 6 5 2
1 20 7 5 1
2 20 7 5 2
2 20 8 5 2
1 20 9 5 2
-1 20 11 5 1
-1 20 12 5 3
-1 20 17 5 1
-1 20 17 5 2
-1 20 18 5 2
-1 20 18 5 3
-1 20 19 5 2
-2 20 20 5 2
3 20 21 5 1
1 20 21 5 2
-1 20 21 5 3
-2 20 22 5 1
-1 20 23 5 2
1 20 23 5 3
-1 20 24 5 2
-1 20 24 5 3
1 20 25 5 2
1 20 25 5 3
-1 20 26 5 3
1 20 27 5 3
1 20 28 5 1
-1 20 29 5 1
1 20 31 5 1
2 21 3 5 1
-2 21 3 5 2
-1 21 4 5 1
1 21 5 5 2
1 21 6 5 2
-1 21 6 5 3
2 21 7 5 2
1 21 8 5 1
1 21 10 5 1
4 21 20 5 1
2 21 22 5 1
1 21 22 5 2
-1 21 23 5 1
3 21 23 5 2
1 21 24 5 2
-1 21 25 5 1
2 21 26 5 3
-1 21 27 5 1
-2 21 27 5 3
1 21 28 5 2
-1 21 28 5 3
-1 21 29 5 1
1 21 30 5 2
1 21 31 5 3
2 22 0 5 2
-2 22 1 5 1
1 22 1 5 2
1 22 2 5 1
1 22 2 5 2
1 22 3 5 1
2 22 3 5 2
2 22 4 5 2
1 22 6 5 1
-4 22 6 5 2
-1 22 7 5 2
-1 22 8 5 2
-1 22 9 5 1
1 22 12 5 1
2 22 12 5 2
1 22 14 5 1
1 22 14 5 2
3 22 15 5 2
1 22 17 5 1
2 22 17 5 3
-3 22 18 5 2
-1 22 18 5 3
1 22 20 5 2
-2 22 20 5 3
1 22 21 5 1
2 22 21 5 3
-3 22 22 5 2
1 22 23 5 1
-2 22 23 5 2
-1 22 24 5 1
1 22 24 5 3
-1 22 27 5 1
-2 22 28 5 2
-1 22 28 5 3
-1 22 29 5 1
1 22 30 5 1
1 23 1 5 2
1 23 3 5 1
2 23 4 5 1
1 23 4 5 3
-1 23 5 5 3
1 23 6 5 1
1 23 6 5 2
-1 23 7 5 2
-1 23 8 5 1
-1 23 10 5 1
-1 23 10 5 2
-1 23 12 5 3
-2 23 13 5 1
1 23 13 5 3
1 23 14 5 1
-1 23 14 5 2
1 23 14 5 3
-1 23 15 5 2
-1 23 18 5 2
-1 23 19 5 2
-1 23 20 5 2
3 23 21 5 1
1 23 22 5 1
-1 23 23 5 1
-1 23 24 5 2
2 23 26 5 2
-1 23 26 5 3
-1 23 27 5 2
-1 23 28 5 1
-1 23 28 5 2
1 23 28 5 3
-3 23 29 5 2
-1 23 30 5 3
-1 24 0 5 1
-3 24 0 5 2
-3 24 1 5 2
-3 24 2 5 2
-1 24 3 5 2
1 24 4 5 1
3 24 6 5 2
6 24 7 5 2
6 24 8 5 2
4 24 9 5 2
-1 24 9 5 3
-4 24 10 5 1
1 24 10 5 2
-1 24 10 5 3
2 24 11 5 1
2 24 11 5 2
1 24 12 5 2
-1 24 14 5 1
-1 24 15 5 1
2 24 16 5 2
-1 24 16 5 3
4 24 17 5 1
1 24 17 5 2
-1 24 18 5 1
1 24 18 5 2
1 24 18 5 3
1 24 19 5 1
-1 24 20 5 2
1 24 22 5 1
1 24 23 5 3
-2 24 26 5 1
-1 24 27 5 2
-1 24 28 5 2
1 24 29 5 3
-1 24 30 5 1
-1 24 31 5 1
-1 24 31 5 2
1 24 31 5 3
-1 25 0 5 1
1 25 1 5 2
-1 25 7 5 2
5 25 8 5 1
-6 25 8 5 2
-2 25 9 5 1
-1 25 9 5 2
-2 25 11 5 2
-1 25 12 5 2
1 25 13 5 1
-1 25 13 5 3
2 25 14 5 2
-1 25 15 5 1
3 25 15 5 2
1 25 16 5 1
3 25 17 5 1
-1 25 18 5 2
-1 25 19 5 2
-1 25 21 5 1
1 25 21 5 2
3 25 23 5 2
-1 25 23 5 3
4 25 24 5 2
1 25 24 5 3
-1 25 26 5 1
-2 25 29 5 2
-1 25 30 5 1
-1 25 30 5 3
-2 25 31 5 2
-1 26 0 5 1
-1 26 1 5 1
-1 26 6 5 2
1 26 7 5 1
-1 26 7 5 2
-1 26 8 5 1
1 26 8 5 2
1 26 8 5 3
-1 26 9 5 2
-2 26 10 5 2
-1 26 11 5 2
-3 26 14 5 1
2 26 16 5 1
2 26 17 5 1
-7 26 23 5 2
1 26 24 5 1
-3 26 24 5 2
1 26 25 5 1
1 26 27 5 2
-1 26 28 5 1
1 26 28 5 2
1 26 29 5 2
1 26 30 5 2
1 26 31 5 3
-1 27 1 5 3
-1 27 2 5 2
-1 27 4 5 2
-1 27 5 5 2
-1 27 6 5 2
2 27 7 5 1
1 27 8 5 1
1 27 8 5 2
-1 27 11 5 1
-1 27 14 5 1
-2 27 14 5 2
-3 27 15 5 2
-3 27 16 5 2
1 27 17 5 1
1 27 18 5 2
1 27 20 5 3
-1 27 23 5 2
1 27 23 5 3
-1 27 24 5 2
-1 27 24 5 3
1 27 25 5 1
1 27 26 5 2
-2 27 28 5 2
-1 27 29 5 2
-1 28 0 5 1
1 28 1 5 1
-1 28 1 5 2
-2 28 2 5 1
2 28 4 5 1
1 28 8 5 1
1 28 10 5 2
-1 28 11 5 1
-1 28 11 5 2
-1 28 14 5 1
-1 28 15 5 2
1 28 22 5 2
1 28 23 5 1
1 28 23 5 2
-1 28 24 5 1
6 28 24 5 2
-1 28 26 5 1
2 28 26 5 2
1 28 27 5 1
2 28 27 5 2
2 28 27 5 3
-1 28 28 5 1
1 28 28 5 2
1 28 29 5 2
1 28 30 5 1
-1 28 31 5 1
-1 29 0 5 2
-1 29 2 5 1
1 29 4 5 1
-1 29 4 5 2
1 29 4 5 3
2 29 7 5 1
1 29 8 5 1
-1 29 9 5 1
2 29 10 5 1
-1 29 14 5 1
1 29 14 5 2
1 29 16 5 1
-1 29 16 5 2
2 29 22 5 1
-2 29 22 5 2
-1 29 23 5 1
-5 29 25 5 1
-1 29 25 5 3
-1 29 26 5 2
3 29 27 5 1
-1 29 27 5 2
1 29 28 5 1
-1 29 28 5 2
1 29 30 5 1
1 30 1 5 1
-1 30 2 5 1
1 30 2 5 3
-1 30 3 5 2
-1 30 3 5 3
1 30 4 5 1
-1 30 6 5 3
1 30 7 5 1
1 30 7 5 3
1 30 8 5 1
-2 30 9 5 2
1 30 9 5 3
1 30 10 5 1
-1 30 10 5 2
1 30 11 5 1
-1 30 12 5 1
2 30 12 5 2
1 30 16 5 2
1 30 17 5 2
1 30 18 5 1
1 30 18 5 2
1 30 21 5 1
-1 30 21 5 2
-1 30 22 5 1
-1 30 23 5 1
-2 30 23 5 2
-1 30 24 5 2
-3 30 25 5 1
-1 30 26 5 2
-1 30 28 5 2
1 30 28 5 3
1 30 30 5 1
-1 30 30 5 2
-1 31 6 5 2
-1 31 9 5 2
-1 31 10 5 2
2 31 11 5 1
-1 31 11 5 2
-1 31 11 5 3
-4 31 12 5 2
-3 31 13 5 2
-2 31 14 5 2
-3 31 15 5 2
-3 31 16 5 2
1 31 17 5 1
-2 31 17 5 2
-4 31 18 5 2
-3 31 19 5 2
-5 31 20 5 2
1 31 21 5 1
-2 31 21 5 2
-1 31 22 5 1
-5 31 22 5 2
-5 31 23 5 2
-4 31 24 5 2
-4 31 25 5 2
-7 31 26 5 2
1 31 27 5 1
-7 31 27 5 2
-1 31 27 5 3
1 31 28 5 1
-6 31 28 5 2
-1 31 28 5 3
-6 31 29 5 2
-4 31 30 5 2
-7 31 31 5 2
-2 0 0 4 1
1 0 0 4 3
4 0 1 4 1
-4 0 1 4 2
-4 0 2 4 1
-3 0 2 4 2
-1 0 3 4 2
-2 0 3 4 3
4 0 4 4 1
-5 0 4 4 2
-4 0 5 4 2
-2 0 5 4 3
2 0 6 4 3
-1 0 7 4 1
-4 0 7 4 2
3 0 7 4 3
6 0 8 4 1
-6 0 8 4 2
3 0 8 4 3
-2 0 9 4 1
-6 0 9 4 2
4 0 10 4 1
4 0 10 4 2
-6 0 11 4 1
-3 0 11 4 2
2 0 12 4 1
-5 0 12 4 2
-1 0 12 4 3
-3 0 13 4 1
1 0 14 4 1
-2 0 15 4 1
1 0 15 4 2
-2 1 0 4 1
-3 1 0 4 3
1 1 1 4 2
3 1 1 4 3
1 1 2 4 1
-1 1 2 4 2
-5 1 3 4 1
4 1 3 4 2
1 1 3 4 3
5 1 4 4 1
1 1 4 4 2
3 1 5 4 1
-3 1 5 4 2
3 1 5 4 3
-2 1 6 4 3
9 1 7 4 1
1 1 7 4 2
-1 1 7 4 3
1 1 8 4 1
-1 1 8 4 2
-2 1 9 4 1
7 1 9 4 2
2 1 10 4 2
1 1 11 4 1
1 1 11 4 2
4 1 11 4 3
1 1 12 4 2
-1 1 12 4 3
1 1 13 4 1
-2 1 13 4 2
1 1 14 4 1
-7 1 15 4 1
-1 1 15 4 3
-12 2 0 4 1
-1 2 0 4 2
-1 2 0 4 3
7 2 1 4 1
-1 2 1 4 2
3 2 2 4 1
1 2 2 4 2
1 2 2 4 3
-7 2 3 4 1
-3 2 3 4 3
3 2 4 4 1
1 2 4 4 3
2 2 5 4 1
4 2 5 4 2
-4 2 6 4 1
2 2 6 4 3
3 2 7 4 1
4 2 7 4 2
-3 2 7 4 3
3 2 8 4 1
1 2 8 4 2
2 2 8 4 3
-1 2 9 4 2
-2 2 9 4 3
-3 2 10 4 1
2 2 10 4 2
-3 2 10 4 3
11 2 11 4 1
1 2 11 4 2
-3 2 13 4 1
-1 2 13 4 2
2 2 13 4 3
4 2 14 4 1
5 2 14 4 2
2 2 14 4 3
-3 2 15 4 1
1 2 15 4 3
-8 3 0 4 1
9 3 0 4 2
6 3 0 4 3
8 3 1 4 1
-1 3 1 4 2
1 3 1 4 3
6 3 2 4 1
1 3 2 4 2
-7 3 3 4 1
6 3 3 4 2
4 3 3 4 3
6 3 4 4 1
5 3 4 4 2
6 3 6 4 2
2 3 6 4 3
4 3 7 4 1
1 3 7 4 2
1 3 8 4 2
1 3 8 4 3
-2 3 9 4 2
1 3 9 4 3
-8 3 10 4 2
1 3 10 4 3
1 3 11 4 1
-8 3 11 4 2
-1 3 11 4 3
2 3 12 4 1
-4 3 12 4 2
-1 3 13 4 3
1 3 14 4 1
-2 3 14 4 2
-2 3 14 4 3
-1 3 15 4 3
1 4 0 4 1
4 4 0 4 2
8 4 1 4 1
1 4 2 4 2
3 4 3 4 1
4 4 3 4 2
2 4 4 4 1
4 4 4 4 2
2 4 5 4 1
6 4 5 4 2
1 4 5 4 3
2 4 6 4 1
7 4 6 4 2
-1 4 6 4 3
7 4 7 4 2
1 4 7 4 3
4 4 8 4 1
4 4 8 4 2
3 4 8 4 3
-3 4 9 4 2
-10 4 10 4 2
2 4 11 4 1
-5 4 11 4 2
1 4 11 4 3
6 4 12 4 1
-6 4 12 4 2
7 4 12 4 3
-1 4 13 4 1
-17 4 13 4 2
1 4 13 4 3
-2 4 14 4 1
-15 4 14 4 2
-1 4 15 4 1
-7 4 15 4 2
-1 5 0 4 1
-8 5 0 4 2
1 5 0 4 3
1 5 1 4 1
-6 5 1 4 2
1 5 1 4 3
-7 5 2 4 2
7 5 4 4 1
2 5 4 4 2
-1 5 4 4 3
1 5 5 4 2
1 5 6 4 1
1 5 7 4 1
-2 5 7 4 3
1 5 8 4 1
-2 5 8 4 2
6 5 10 4 1
-6 5 10 4 2
1 5 11 4 1
-4 5 11 4 2
2 5 11 4 3
3 5 12 4 1
-3 5 12 4 2
2 5 12 4 3
-2 5 13 4 2
-1 5 13 4 3
-1 5 14 4 1
-5 5 14 4 2
1 5 14 4 3
3 5 15 4 1
-5 5 15 4 2
-4 6 0 4 1
2 6 1 4 1
1 6 1 4 2
-4 6 1 4 3
4 6 2 4 3
2 6 3 4 1
-6 6 3 4 2
-4 6 3 4 3
1 6 4 4 1
1 6 4 4 3
1 6 5 4 1
-18 6 5 4 2
1 6 5 4 3
-2 6 6 4 1
-13 6 6 4 2
1 6 6 4 3
-18 6 7 4 2
3 6 7 4 3
5 6 8 4 1
-19 6 8 4 2
-1 6 8 4 3
-18 6 9 4 2
-19 6 10 4 2
8 6 11 4 1
-9 6 11 4 2
1 6 11 4 3
1 6 12 4 1
-4 6 12 4 2
-1 6 12 4 3
-2 6 13 4 1
-2 6 13 4 2
-3 6 14 4 1
-2 6 14 4 3
3 6 15 4 2
-1 6 15 4 3
-2 7 0 4 3
-2 7 1 4 2
-1 7 1 4 3
10 7 2 4 1
16 7 2 4 2
-1 7 2 4 3
1 7 3 4 1
-1 7 5 4 1
-2 7 5 4 2
-6 7 6 4 1
-4 7 6 4 2
1 7 7 4 1
3 7 7 4 2
-1 7 7 4 3
-2 7 8 4 1
8 7 8 4 2
1 7 8 4 3
6 7 9 4 1
7 7 9 4 2
1 7 9 4 3
2 7 10 4 1
7 7 10 4 2
12 7 11 4 1
3 7 11 4 2
1 7 11 4 3
-2 7 12 4 1
1 7 12 4 2
-1 7 12 4 3
2 7 13 4 2
-1 7 13 4 3
-1 7 14 4 1
2 7 14 4 2
-1 7 15 4 2
1 7 15 4 3
-2 8 1 4 1
-1 8 1 4 2
1 8 1 4 3
-4 8 2 4 1
-9 8 2 4 2
-2 8 2 4 3
11 8 3 4 1
14 8 3 4 2
-9 8 3 4 3
11 8 4 4 2
8 8 5 4 2
-1 8 6 4 2
2 8 6 4 3
-8 8 7 4 2
-11 8 8 4 2
-13 8 9 4 2
-1 8 10 4 1
-11 8 10 4 2
3 8 11 4 1
-2 8 11 4 2
-5 8 12 4 2
-2 8 13 4 1
-2 8 13 4 2
1 8 14 4 1
-5 8 14 4 2
-2 8 15 4 1
-3 8 15 4 2
-1 9 0 4 2
-1 9 1 4 1
-6 9 1 4 2
-7 9 2 4 2
4 9 2 4 3
-3 9 3 4 1
-10 9 3 4 2
-1 9 3 4 3
4 9 4 4 1
-4 9 4 4 2
-3 9 4 4 3
-5 9 5 4 1
-9 9 5 4 2
-5 9 5 4 3
1 9 6 4 1
-2 9 6 4 2
3 9 7 4 1
3 9 7 4 2
-1 9 8 4 1
7 9 8 4 2
-1 9 9 4 1
7 9 9 4 2
2 9 10 4 1
2 9 10 4 3
1 9 11 4 2
-1 9 12 4 1
-1 9 12 4 3
1 9 13 4 2
-1 9 14 4 1
-4 9 14 4 3
1 9 15 4 1
3 9 15 4 2
1 9 15 4 3
-1 10 0 4 1
7 10 0 4 2
2 10 1 4 1
5 10 1 4 2
1 10 1 4 3
-1 10 2 4 1
4 10 2 4 2
-2 10 2 4 3
1 10 3 4 1
4 10 3 4 2
1 10 4 4 1
6 10 4 4 2
3 10 5 4 2
1 10 6 4 1
-1 10 6 4 2
-1 10 9 4 1
-1 10 9 4 2
6 10 10 4 1
-1 10 10 4 2
-1 10 10 4 3
-1 10 11 4 1
1 10 11 4 3
-2 10 12 4 1
1 10 12 4 2
-1 10 12 4 3
-1 10 13 4 3
1 10 14 4 2
1 10 15 4 1
1 10 15 4 2
-1 10 15 4 3
6 11 0 4 2
5 11 1 4 1
3 11 1 4 2
-1 11 1 4 3
3 11 2 4 2
1 11 2 4 3
1 11 3 4 1
2 11 3 4 3
-7 11 4 4 2
-1 11 5 4 1
-4 11 5 4 2
-3 11 5 4 3
3 11 6 4 1
1 11 6 4 2
2 11 7 4 1
2 11 8 4 1
3 11 8 4 2
1 11 8 4 3
2 11 9 4 2
3 11 10 4 1
1 11 10 4 2
2 11 10 4 3
1 11 11 4 1
-5 11 11 4 2
-3 11 12 4 1
-3 11 12 4 2
1 11 12 4 3
-1 11 13 4 1
-2 11 13 4 2
1 11 14 4 1
-2 11 14 4 2
2 11 14 4 3
-1 11 15 4 2
-1 11 15 4 3
-2 12 0 4 1
-8 12 0 4 2
-3 12 1 4 2
-1 12 2 4 1
-1 12 2 4 2
2 12 3 4 1
3 12 3 4 2
-1 12 3 4 3
-3 12 4 4 1
2 12 4 4 2
-7 12 4 4 3
-2 12 5 4 1
8 12 5 4 2
2 12 5 4 3
4 12 6 4 1
4 12 6 4 2
1 12 6 4 3
-2 12 7 4 1
6 12 7 4 2
10 12 8 4 1
1 12 8 4 3
1 12 10 4 1
-3 12 10 4 2
3 12 11 4 2
1 12 12 4 2
2 12 12 4 3
-1 12 13 4 2
2 12 13 4 3
-3 12 14 4 2
-2 12 15 4 2
-5 13 0 4 1
-3 13 0 4 2
-3 13 1 4 2
-3 13 2 4 2
1 13 2 4 3
3 13 3 4 1
-3 13 3 4 2
-3 13 4 4 1
4 13 4 4 3
2 13 5 4 1
-3 13 5 4 2
-4 13 6 4 2
-1 13 6 4 3
-4 13 7 4 1
-9 13 7 4 2
1 13 7 4 3
7 13 8 4 1
-3 13 8 4 2
-4 13 8 4 3
1 13 9 4 1
1 13 10 4 2
-1 13 11 4 1
-2 13 11 4 2
1 13 11 4 3
2 13 12 4 1
1 13 12 4 3
2 13 13 4 1
1 13 13 4 2
2 13 14 4 2
1 13 15 4 2
-3 14 0 4 2
-2 14 1 4 1
-1 14 1 4 2
1 14 3 4 1
-1 14 3 4 2
1 14 3 4 3
1 14 4 4 1
-1 14 4 4 3
1 14 5 4 1
-2 14 5 4 2
2 14 5 4 3
-1 14 6 4 1
-1 14 6 4 2
-1 14 7 4 1
1 14 9 4 1
-1 14 9 4 2
-1 14 10 4 3
2 14 11 4 1
5 14 11 4 2
6 14 12 4 1
3 14 12 4 2
4 14 13 4 1
3 14 13 4 2
-4 14 13 4 3
1 14 14 4 1
1 14 14 4 3
3 14 15 4 1
-3 14 15 4 2
-3 15 0 4 1
-1 15 0 4 2
-3 15 1 4 2
2 15 1 4 3
-2 15 2 4 1
-2 15 2 4 2
1 15 3 4 1
-1 15 3 4 2
1 15 4 4 1
1 15 4 4 3
2 15 5 4 1
-1 15 5 4 2
1 15 6 4 3
-1 15 7 4 1
-2 15 7 4 2
1 15 7 4 3
2 15 8 4 1
-2 15 8 4 2
1 15 9 4 1
-3 15 9 4 2
5 15 10 4 1
-4 15 10 4 2
-1 15 11 4 1
-3 15 11 4 2
1 15 11 4 3
2 15 12 4 1
-6 15 12 4 2
-6 15 13 4 2
1 15 14 4 1
-6 15 14 4 2
-1 15 14 4 3
-6 15 15 4 2
-2 15 15 4 3
-23 0 0 3 1
-4 0 0 3 2
-1 0 0 3 3
-9 0 1 3 1
-3 0 1 3 2
1 0 1 3 3
15 0 2 3 1
-4 0 2 3 2
4 0 2 3 3
-10 0 3 3 1
-7 0 3 3 2
-5 0 3 3 3
6 0 4 3 1
-11 0 4 3 2
-8 0 4 3 3
4 0 5 3 1
2 0 5 3 2
5 0 5 3 3
-5 0 6 3 2
1 0 6 3 3
-7 0 7 3 1
1 0 7 3 2
-2 0 7 3 3
-20 1 0 3 1
8 1 0 3 2
3 1 0 3 3
-2 1 1 3 1
5 1 1 3 2
3 1 1 3 3
19 1 2 3 1
1 1 2 3 2
-5 1 2 3 3
-9 1 3 3 1
14 1 3 3 2
8 1 3 3 3
-5 1 4 3 1
-3 1 4 3 2
-2 1 4 3 3
10 1 5 3 1
-16 1 5 3 2
1 1 5 3 3
-4 1 6 3 2
7 1 7 3 1
1 1 7 3 2
1 1 7 3 3
-2 2 0 3 1
-1 2 0 3 3
-1 2 1 3 1
8 2 1 3 2
-2 2 1 3 3
-11 2 2 3 1
7 2 2 3 2
1 2 3 3 1
10 2 3 3 2
-3 2 3 3 3
4 2 4 3 1
21 2 4 3 2
-5 2 4 3 3
2 2 5 3 1
12 2 5 3 2
3 2 5 3 3
14 2 6 3 1
5 2 6 3 2
4 2 6 3 3
-3 2 7 3 1
-6 2 7 3 2
-1 2 7 3 3
-1 3 0 3 1
-3 3 0 3 2
5 3 0 3 3
14 3 1 3 1
3 3 1 3 2
18 3 1 3 3
-7 3 2 3 1
-23 3 2 3 2
6 3 2 3 3
-11 3 3 3 1
-6 3 3 3 2
-2 3 3 3 3
6 3 4 3 1
4 3 4 3 2
1 3 4 3 3
-5 3 5 3 1
-14 3 5 3 2
2 3 5 3 3
-3 3 6 3 1
-13 3 6 3 2
-3 3 7 3 1
-17 3 7 3 2
-6 4 0 3 1
-9 4 0 3 2
4 4 0 3 3
-1 4 1 3 1
-28 4 1 3 2
-5 4 1 3 3
-2 4 2 3 1
24 4 2 3 2
-7 4 2 3 3
8 4 3 3 1
22 4 3 3 2
10 4 3 3 3
-4 4 4 3 1
3 4 4 3 2
5 4 5 3 1
7 4 5 3 2
2 4 5 3 3
1 4 6 3 1
3 4 6 3 2
2 4 6 3 3
-2 4 7 3 1
4 4 7 3 2
-3 4 7 3 3
19 5 0 3 2
1 5 0 3 3
6 5 1 3 1
1 5 1 3 2
4 5 1 3 3
9 5 2 3 2
-4 5 2 3 3
1 5 3 3 1
9 5 3 3 2
1 5 3 3 3
3 5 4 3 3
11 5 5 3 1
-1 5 5 3 2
2 5 5 3 3
-1 5 6 3 1
-2 5 6 3 2
-1 5 6 3 3
3 5 7 3 2
-7 6 0 3 1
-4 6 0 3 2
-1 6 0 3 3
5 6 1 3 1
-9 6 1 3 2
2 6 1 3 3
-4 6 2 3 1
-10 6 2 3 2
2 6 2 3 3
-1 6 3 3 2
-8 6 3 3 3
18 6 4 3 1
-1 6 4 3 3
8 6 5 3 1
3 6 5 3 2
-5 6 5 3 3
-2 6 6 3 1
5 6 6 3 2
3 6 6 3 3
-2 6 7 3 1
7 6 7 3 2
-11 7 0 3 1
-5 7 0 3 2
3 7 0 3 3
2 7 1 3 1
-3 7 1 3 2
3 7 2 3 1
-4 7 2 3 2
1 7 2 3 3
2 7 3 3 2
6 7 4 3 1
-1 7 4 3 2
2 7 4 3 3
-7 7 5 3 2
-2 7 5 3 3
-2 7 6 3 1
-9 7 6 3 2
-2 7 6 3 3
2 7 7 3 1
-8 7 7 3 2
9 0 0 2 1
9 0 0 2 2
-1 0 0 2 3
14 0 1 2 1
7 0 1 2 2
-12 0 1 2 3
-12 0 2 2 1
4 0 2 2 2
-6 0 2 2 3
1 0 3 2 1
-5 0 3 2 2
-1 0 3 2 3
19 1 0 2 1
-80 1 0 2 2
18 1 0 2 3
-6 1 1 2 1
-92 1 1 2 2
-11 1 1 2 3
27 1 2 2 1
-51 1 2 2 2
-6 1 2 2 3
-2 1 3 2 1
-27 1 3 2 2
-6 1 3 2 3
23 2 0 2 2
25 2 0 2 3
5 2 1 2 1
16 2 1 2 2
-1 2 1 2 3
5 2 2 2 1
-1 2 2 2 2
14 2 2 2 3
-1 2 3 2 1
1 2 3 2 2
-5 2 3 2 3
-32 3 0 2 2
-1 3 0 2 3
2 3 1 2 1
-22 3 1 2 2
2 3 1 2 3
23 3 2 2 1
-2 3 2 2 2
-5 3 2 2 3
7 3 3 2 2
7 3 3 2 3
36 0 0 1 1
-4 0 0 1 2
-8 0 0 1 3
44 0 1 1 1
23 0 1 1 2
12 0 1 1 3
52 1 0 1 1
29 1 0 1 2
-6 1 0 1 3
17 1 1 1 1
-5 1 1 1 2
5 1 1 1 3
141 0 0 0 1
-85 0 0 0 2
16 0 0 0 3
734 0 0 0 0
