noise.pgm 8 2.000000 0.198102 2144
1 1 68 7 3
1 1 70 7 1
1 1 123 7 3
-1 2 14 7 1
1 3 12 7 3
1 4 69 7 2
1 5 59 7 2
1 5 60 7 2
2 5 61 7 2
1 5 62 7 2
1 5 63 7 2
2 5 64 7 2
1 5 64 7 3
1 5 65 7 2
1 5 72 7 2
1 5 74 7 2
-1 6 9 7 2
-1 6 61 7 2
-1 6 62 7 1
1 6 68 7 2
1 6 73 7 1
1 6 76 7 2
1 6 77 7 2
-1 6 109 7 1
-1 7 28 7 1
1 7 35 7 3
1 7 79 7 2
2 7 80 7 2
1 7 81 7 2
1 7 85 7 2
-1 7 104 7 1
-1 8 42 7 1
1 8 56 7 2
1 8 57 7 2
-1 8 61 7 2
-1 8 74 7 2
1 8 81 7 1
1 8 83 7 1
1 8 83 7 2
1 9 54 7 2
-1 9 55 7 1
-1 9 56 7 2
-1 9 63 7 1
-1 9 76 7 1
1 9 85 7 2
1 9 86 7 2
-1 9 102 7 1
1 9 109 7 2
1 10 14 7 2
1 10 50 7 2
1 10 53 7 2
1 10 59 7 2
1 10 61 7 2
1 10 86 7 1
-1 10 102 7 1
1 11 81 7 1
-1 11 96 7 2
1 12 88 7 2
1 12 89 7 2
1 13 49 7 2
-1 13 61 7 2
1 13 73 7 3
1 13 90 7 1
1 14 25 7 2
1 14 40 7 1
-1 14 49 7 1
-1 14 72 7 1
-1 14 125 7 1
1 15 16 7 1
1 15 42 7 1
1 15 48 7 2
1 15 56 7 2
1 15 60 7 2
-1 15 83 7 2
-1 15 88 7 2
-1 15 94 7 2
1 16 62 7 2
1 16 92 7 1
-1 17 48 7 2
-1 17 91 7 1
-1 18 52 7 2
-1 18 54 7 2
-1 18 75 7 1
1 18 102 7 1
1 18 125 7 3
-1 19 56 7 2
-1 19 93 7 3
2 19 94 7 1
1 19 94 7 2
1 19 122 7 2
-1 20 56 7 2
1 20 58 7 2
-1 20 61 7 2
1 20 63 7 2
-1 20 93 7 1
1 20 95 7 1
1 20 112 7 3
1 21 58 7 1
-1 21 58 7 2
-1 21 66 7 3
-1 21 92 7 1
1 21 95 7 1
-1 22 40 7 2
-1 22 61 7 2
1 22 65 7 1
-1 22 67 7 1
1 23 62 7 1
-1 23 62 7 2
1 23 64 7 3
-1 23 85 7 2
-1 23 93 7 1
1 23 95 7 1
1 24 9 7 2
-1 24 22 7 2
1 24 47 7 2
-1 24 54 7 1
1 24 55 7 2
1 24 62 7 2
-1 24 92 7 3
1 24 100 7 3
1 25 53 7 2
-1 25 90 7 1
-1 25 95 7 2
-1 26 25 7 2
1 26 35 7 3
-1 26 48 7 1
-1 26 52 7 2
-1 26 89 7 1
-1 27 50 7 2
-1 27 62 7 1
1 28 11 7 3
-1 28 92 7 2
-1 29 1 7 1
-1 30 26 7 3
-1 30 109 7 3
1 31 81 7 1
1 32 12 7 3
-1 32 18 7 3
-1 32 21 7 2
1 32 82 7 3
-1 33 95 7 1
1 33 96 7 1
1 34 82 7 1
-1 34 90 7 1
-1 34 95 7 1
-1 35 89 7 2
-1 35 95 7 1
1 36 48 7 1
-1 36 84 7 1
1 36 90 7 1
-1 36 96 7 1
-1 37 82 7 2
1 38 33 7 2
1 38 69 7 3
1 38 82 7 1
1 38 87 7 1
1 38 111 7 1
-1 38 127 7 2
1 39 23 7 1
1 39 47 7 1
-1 39 59 7 1
-1 39 79 7 1
-1 39 89 7 2
1 39 91 7 1
-1 39 95 7 1
1 40 39 7 1
1 40 81 7 1
-1 40 95 7 1
1 40 109 7 2
-1 41 76 7 1
-1 41 91 7 2
-1 41 95 7 1
1 41 99 7 2
-1 41 118 7 2
1 42 39 7 1
1 42 81 7 1
-1 42 95 7 1
1 43 10 7 2
-1 43 95 7 1
-1 44 16 7 2
-1 44 21 7 2
1 44 90 7 3
-1 45 125 7 2
-1 46 30 7 3
-1 46 50 7 3
-1 46 111 7 2
1 47 45 7 2
-1 47 94 7 1
1 47 94 7 3
-1 48 44 7 2
-1 49 15 7 2
1 49 19 7 1
1 49 68 7 2
1 49 92 7 1
1 49 115 7 1
1 50 102 7 2
-1 50 119 7 2
1 51 11 7 1
-1 51 93 7 1
1 51 108 7 2
-1 52 112 7 3
1 53 45 7 2
1 54 23 7 3
1 54 46 7 1
-1 54 62 7 1
1 54 62 7 2
1 54 64 7 2
1 55 0 7 1
1 55 22 7 2
1 55 29 7 1
-1 55 33 7 3
1 55 47 7 2
-1 55 49 7 2
-1 55 62 7 1
1 55 63 7 1
1 55 66 7 2
-1 55 91 7 1
1 56 6 7 2
-1 56 43 7 1
-1 56 63 7 2
-1 56 64 7 2
1 56 104 7 2
-1 57 68 7 3
1 57 74 7 2
1 58 20 7 2
1 58 47 7 2
1 58 48 7 2
1 58 50 7 2
-1 58 58 7 1
1 59 67 7 1
1 59 86 7 1
1 60 114 7 3
1 61 71 7 2
-1 62 59 7 2
1 62 103 7 1
-1 63 8 7 1
1 63 48 7 1
-1 63 85 7 1
1 64 90 7 1
-1 64 113 7 3
1 65 10 7 3
1 65 19 7 1
-1 65 60 7 1
-1 65 60 7 3
1 65 71 7 1
-1 65 82 7 1
-1 65 125 7 2
1 67 23 7 2
-1 67 86 7 3
-1 68 63 7 3
1 69 80 7 1
1 69 82 7 1
-1 69 89 7 1
-1 70 54 7 2
-1 70 55 7 2
-1 70 58 7 2
1 70 118 7 2
-1 70 124 7 1
1 71 53 7 2
1 71 54 7 2
1 71 56 7 2
1 71 57 7 2
1 71 82 7 1
-1 71 108 7 1
1 72 59 7 1
-1 72 101 7 3
1 73 17 7 3
-1 73 41 7 3
-1 73 56 7 2
-1 73 62 7 1
1 74 82 7 1
1 75 53 7 2
1 75 62 7 1
1 75 100 7 3
-1 76 81 7 1
1 77 12 7 2
-1 77 37 7 3
-1 78 101 7 2
-1 80 81 7 1
1 80 82 7 1
-1 81 26 7 1
1 81 47 7 2
-1 81 122 7 2
-1 82 35 7 3
-1 83 106 7 2
1 84 58 7 1
1 84 84 7 1
-1 84 85 7 2
-1 84 125 7 1
-1 85 37 7 3
-1 86 23 7 3
-1 86 87 7 2
1 87 37 7 1
-1 87 92 7 2
-1 87 95 7 1
1 88 70 7 3
1 89 17 7 2
-1 89 50 7 1
-1 90 77 7 3
-1 90 102 7 2
-1 90 103 7 2
-1 91 101 7 1
1 92 18 7 2
1 93 66 7 3
1 95 31 7 2
1 95 31 7 3
1 95 105 7 3
1 95 116 7 1
1 96 29 7 2
-1 96 29 7 3
1 96 30 7 2
1 96 31 7 1
1 96 106 7 2
-1 97 27 7 1
1 97 28 7 2
1 97 71 7 3
-1 97 104 7 1
1 97 107 7 1
1 97 107 7 2
-1 97 125 7 2
1 98 26 7 2
1 98 30 7 1
1 98 108 7 2
1 99 111 7 2
-1 100 106 7 2
1 101 115 7 2
1 102 117 7 3
-1 103 21 7 1
1 103 27 7 3
1 103 118 7 1
-1 105 20 7 1
1 106 31 7 1
-1 107 120 7 1
1 108 28 7 1
1 108 78 7 2
-1 108 99 7 1
-1 109 17 7 3
1 109 35 7 1
-1 110 76 7 2
2 110 79 7 2
-1 110 79 7 3
1 110 80 7 1
1 110 80 7 2
1 110 80 7 3
1 110 100 7 3
1 110 121 7 1
1 111 6 7 1
1 111 77 7 2
2 111 78 7 2
1 111 81 7 1
1 111 81 7 2
1 111 82 7 2
1 111 82 7 3
2 111 85 7 1
2 111 86 7 2
1 111 87 7 2
-1 111 99 7 2
-1 111 122 7 1
-1 112 20 7 1
1 112 70 7 2
1 112 73 7 2
1 112 74 7 2
-1 112 77 7 2
-1 112 83 7 1
1 112 87 7 1
-1 113 71 7 3
-1 113 72 7 1
-1 113 74 7 2
-1 113 75 7 2
-1 113 76 7 2
-1 113 77 7 2
-1 113 79 7 1
1 113 84 7 1
1 113 91 7 1
-1 114 18 7 1
-1 114 18 7 3
1 114 29 7 1
-1 114 71 7 2
1 114 78 7 2
-1 114 79 7 1
1 114 91 7 2
1 114 92 7 1
-1 115 84 7 2
1 115 86 7 1
1 115 87 7 1
1 115 93 7 1
-1 116 69 7 1
-1 116 71 7 1
1 116 72 7 2
-1 116 79 7 2
1 116 93 7 1
1 116 105 7 3
-1 117 69 7 2
-1 117 80 7 1
-1 117 83 7 1
-1 117 89 7 1
2 117 95 7 2
2 117 96 7 1
1 117 96 7 2
1 118 8 7 2
1 118 76 7 2
-1 118 76 7 3
-1 118 78 7 2
1 118 82 7 1
-1 118 83 7 1
-1 118 83 7 2
-1 118 96 7 2
1 119 77 7 1
-2 119 81 7 2
-1 119 82 7 2
-2 119 85 7 2
2 119 97 7 1
-1 120 17 7 1
1 120 73 7 2
1 120 74 7 2
1 120 77 7 1
2 120 81 7 2
-1 120 86 7 1
-1 120 87 7 1
1 120 98 7 2
2 120 99 7 1
1 120 125 7 1
-1 121 72 7 1
1 121 74 7 1
-1 121 78 7 2
1 121 84 7 1
1 121 89 7 2
1 121 94 7 2
2 121 99 7 1
-1 122 64 7 1
-1 122 67 7 1
1 122 67 7 2
1 122 71 7 1
1 122 75 7 2
1 122 76 7 1
-1 122 80 7 1
1 122 85 7 1
-1 122 86 7 1
-1 122 86 7 2
1 122 99 7 1
-1 122 99 7 3
1 122 100 7 1
1 122 100 7 2
1 122 100 7 3
-1 122 101 7 1
1 122 102 7 2
1 122 103 7 2
2 122 104 7 2
1 122 105 7 2
-1 123 66 7 1
1 123 66 7 2
-1 123 69 7 1
1 123 75 7 1
1 123 75 7 2
1 123 75 7 3
-1 123 76 7 2
-1 123 82 7 2
1 123 96 7 1
1 123 106 7 1
1 123 106 7 2
1 123 107 7 2
-1 124 64 7 1
-1 124 71 7 3
1 124 79 7 1
-1 124 95 7 1
-1 124 95 7 2
2 124 109 7 1
1 124 109 7 2
-1 125 63 7 1
-1 125 68 7 2
-1 125 71 7 2
1 125 76 7 1
1 125 81 7 2
-1 125 82 7 1
1 125 86 7 3
2 125 110 7 1
1 125 116 7 2
1 126 21 7 1
-1 126 24 7 1
-1 126 25 7 2
-1 126 60 7 1
2 126 60 7 2
1 126 61 7 2
-1 126 63 7 1
-1 126 67 7 1
1 126 67 7 2
-1 126 74 7 2
-1 126 75 7 2
1 126 76 7 1
1 126 79 7 1
1 126 81 7 1
-1 126 83 7 1
-1 126 91 7 2
-1 126 103 7 2
-1 126 108 7 2
1 126 110 7 1
1 126 110 7 2
-1 127 56 7 1
1 127 56 7 2
1 127 57 7 2
-1 127 60 7 2
-1 127 63 7 1
-1 127 67 7 1
1 127 69 7 1
1 127 76 7 1
1 127 79 7 2
-1 127 95 7 2
-1 127 106 7 1
1 127 108 7 2
-1 0 32 6 3
-1 0 33 6 1
-1 0 52 6 1
-1 0 56 6 1
-1 1 52 6 1
-1 1 56 6 1
2 2 30 6 2
2 2 31 6 2
3 2 32 6 2
3 2 33 6 2
-1 2 34 6 1
2 2 34 6 2
1 2 35 6 1
4 2 35 6 2
3 2 36 6 2
1 2 37 6 2
-1 2 51 6 1
-1 2 52 6 1
-1 2 56 6 1
1 3 29 6 2
-1 3 32 6 2
1 3 37 6 2
3 3 38 6 2
1 3 39 6 1
5 3 39 6 2
3 3 40 6 2
1 3 40 6 3
-1 3 51 6 1
-2 4 27 6 1
2 4 27 6 2
1 4 29 6 1
-1 4 33 6 2
-1 4 36 6 2
-2 4 37 6 2
-2 4 38 6 2
-1 4 39 6 2
1 4 42 6 1
3 4 42 6 2
-1 4 51 6 1
-1 5 26 6 1
-1 5 27 6 2
-1 5 28 6 2
-1 5 29 6 2
1 5 43 6 1
2 5 43 6 2
1 5 48 6 1
-1 5 50 6 1
1 5 61 6 1
-1 6 24 6 1
-1 6 25 6 1
2 6 25 6 2
1 6 26 6 2
1 6 27 6 2
-1 6 30 6 2
-1 6 32 6 3
1 6 33 6 1
-1 6 35 6 2
-1 6 39 6 2
-1 6 40 6 2
1 6 44 6 1
2 6 44 6 2
1 6 47 6 1
-1 6 50 6 1
-1 6 51 6 1
1 7 23 6 2
-2 7 24 6 1
2 7 24 6 2
1 7 28 6 1
1 7 34 6 1
-1 7 42 6 2
-1 7 43 6 1
-1 7 44 6 2
1 7 45 6 1
2 7 45 6 2
-1 7 45 6 3
-1 7 55 6 2
-1 7 62 6 2
-1 8 8 6 1
-1 8 22 6 1
1 8 29 6 2
-1 8 34 6 2
-1 8 37 6 2
2 8 46 6 1
1 8 46 6 2
-1 8 49 6 1
1 8 54 6 1
1 8 55 6 2
1 8 56 6 2
-1 9 21 6 1
-1 9 22 6 2
-1 9 27 6 1
-1 9 28 6 2
-1 9 29 6 2
-1 9 30 6 2
-1 9 32 6 2
1 9 34 6 1
1 9 34 6 2
-1 9 37 6 2
-1 9 42 6 2
-1 9 46 6 1
-1 9 46 6 3
2 9 47 6 1
1 9 47 6 2
1 9 47 6 3
-1 9 49 6 1
-1 10 30 6 2
-2 10 32 6 2
1 10 32 6 3
-1 10 33 6 2
1 10 34 6 1
-1 10 34 6 2
1 10 45 6 3
-2 10 46 6 1
3 10 47 6 1
2 10 47 6 2
-1 10 49 6 1
1 10 57 6 1
-1 11 9 6 3
1 11 20 6 1
-1 11 20 6 2
1 11 28 6 1
1 11 31 6 3
-1 11 42 6 2
-1 11 46 6 1
2 11 47 6 1
-1 11 49 6 1
1 11 57 6 1
-1 12 10 6 2
-1 12 26 6 3
-1 12 28 6 2
-1 12 44 6 2
-1 12 45 6 1
1 12 47 6 1
-1 12 48 6 1
1 13 21 6 1
-2 13 25 6 2
-2 13 26 6 2
-1 13 26 6 3
-1 13 45 6 1
1 13 47 6 1
-1 13 48 6 1
-2 14 45 6 1
-1 14 45 6 2
2 14 46 6 1
1 14 47 6 1
-1 14 47 6 2
-1 14 48 6 1
-1 14 53 6 2
1 14 58 6 2
-1 15 18 6 1
-1 15 19 6 1
1 15 19 6 3
1 15 25 6 2
-1 15 29 6 1
1 15 46 6 1
-1 16 20 6 2
1 16 43 6 2
-1 16 48 6 1
-1 16 53 6 2
-1 16 57 6 3
-1 17 0 6 1
-1 17 37 6 1
1 17 41 6 1
-1 17 42 6 1
-2 17 47 6 1
-1 17 63 6 1
-1 18 19 6 1
1 18 41 6 1
-1 18 42 6 1
1 18 43 6 1
-1 18 46 6 1
1 19 23 6 2
1 19 32 6 1
-1 19 42 6 1
-2 19 44 6 1
1 19 51 6 1
1 20 37 6 1
-1 20 40 6 1
-1 20 47 6 1
-1 20 54 6 1
-1 21 1 6 3
-1 21 47 6 1
1 21 50 6 1
-1 22 47 6 1
-1 22 54 6 1
1 22 56 6 1
1 23 21 6 2
2 23 22 6 2
1 23 23 6 2
1 23 24 6 2
1 23 26 6 2
1 23 32 6 2
1 23 33 6 2
1 23 47 6 3
-1 23 54 6 1
-1 24 22 6 2
-1 24 23 6 2
1 24 29 6 2
1 24 50 6 1
-1 25 21 6 1
-1 25 25 6 2
1 25 31 6 2
-1 25 46 6 1
1 25 52 6 1
1 25 56 6 1
1 26 27 6 3
-2 26 46 6 1
-1 26 54 6 1
1 26 56 6 1
-1 27 24 6 1
1 27 24 6 2
1 27 25 6 1
-1 27 26 6 1
1 27 28 6 1
1 27 31 6 1
2 27 31 6 2
1 27 33 6 1
1 27 33 6 2
-1 27 45 6 1
1 27 56 6 1
1 28 34 6 2
-1 28 44 6 3
-1 28 45 6 1
1 28 45 6 2
1 28 45 6 3
-1 28 54 6 1
2 29 32 6 2
1 29 33 6 2
1 29 43 6 3
-1 29 44 6 1
-1 30 21 6 1
1 30 25 6 1
1 30 31 6 1
-2 30 43 6 1
1 30 43 6 2
1 30 51 6 1
-1 31 21 6 1
-1 31 25 6 1
-1 31 42 6 1
1 31 43 6 3
1 31 60 6 2
1 32 16 6 3
-1 32 21 6 1
-1 32 23 6 2
1 32 24 6 1
-1 32 26 6 2
-1 32 27 6 2
-1 32 31 6 1
-1 32 31 6 2
1 32 33 6 1
-1 32 42 6 1
1 32 42 6 2
1 32 45 6 1
-1 33 16 6 2
-1 33 23 6 2
-1 33 25 6 1
1 33 28 6 2
1 33 29 6 2
1 33 40 6 1
1 33 41 6 2
1 33 62 6 1
-1 34 21 6 2
1 34 28 6 3
1 34 41 6 1
-1 34 42 6 1
1 34 52 6 1
1 35 24 6 2
1 35 26 6 2
1 35 27 6 1
-1 35 30 6 2
-1 35 31 6 2
-1 35 33 6 2
-1 35 48 6 3
-3 36 27 6 2
1 36 28 6 1
-3 36 28 6 2
-2 36 29 6 2
1 36 31 6 2
1 36 32 6 2
-1 36 40 6 1
1 36 41 6 1
-1 36 62 6 2
-1 37 27 6 2
-2 37 40 6 1
1 37 43 6 2
1 37 50 6 2
1 37 51 6 2
1 37 51 6 3
1 37 52 6 1
-1 37 54 6 1
1 38 26 6 2
-2 38 40 6 1
1 38 49 6 3
1 38 57 6 2
1 39 21 6 1
-1 39 21 6 2
-2 39 40 6 1
1 39 43 6 3
1 40 16 6 1
-1 40 40 6 1
1 40 41 6 2
1 40 61 6 2
-1 41 28 6 2
-1 41 40 6 1
-1 41 41 6 3
1 41 49 6 1
-1 42 28 6 3
1 42 29 6 1
-1 42 41 6 2
2 42 42 6 1
-1 42 42 6 3
-1 42 43 6 3
1 43 30 6 2
-1 43 42 6 2
-1 43 43 6 2
-1 43 45 6 1
-2 43 46 6 2
-1 43 47 6 1
-1 44 30 6 2
1 44 34 6 2
1 44 36 6 2
-2 44 48 6 1
-1 44 48 6 2
-1 44 59 6 2
-1 45 51 6 2
-1 45 52 6 2
-1 45 52 6 3
1 46 3 6 1
-1 46 53 6 2
-1 46 54 6 1
-1 47 34 6 2
-1 48 13 6 1
-1 48 14 6 1
3 48 14 6 2
2 48 15 6 1
-1 48 15 6 2
-1 48 35 6 2
-2 48 52 6 1
1 48 53 6 1
4 48 53 6 2
-1 48 54 6 1
-1 49 12 6 1
2 49 12 6 2
-1 49 12 6 3
-1 49 14 6 2
-1 49 51 6 1
-1 49 53 6 1
1 49 55 6 2
1 49 56 6 2
1 50 1 6 2
-1 50 8 6 2
-1 50 11 6 1
1 50 11 6 2
-1 50 11 6 3
1 50 40 6 1
-1 50 54 6 1
-1 50 55 6 2
2 50 57 6 2
-1 51 10 6 1
1 51 14 6 1
-1 51 54 6 1
-1 51 56 6 2
1 51 58 6 1
1 51 58 6 2
-1 52 10 6 1
-1 52 53 6 2
-1 52 56 6 2
-1 52 57 6 1
-1 52 58 6 2
-1 52 59 6 3
1 53 5 6 1
1 53 39 6 1
-1 53 60 6 3
1 54 14 6 1
1 54 39 6 1
1 54 59 6 2
-1 54 60 6 2
1 54 60 6 3
-1 55 9 6 1
1 55 14 6 1
2 55 38 6 2
-1 55 38 6 3
-3 55 39 6 1
3 55 39 6 2
-1 55 39 6 3
2 55 40 6 1
3 55 40 6 2
5 55 41 6 2
1 55 42 6 1
4 55 42 6 2
1 55 42 6 3
1 55 43 6 1
1 55 43 6 2
-1 55 58 6 1
-1 55 59 6 3
1 56 26 6 3
-1 56 35 6 3
-2 56 36 6 1
2 56 36 6 2
-1 56 36 6 3
1 56 37 6 3
-3 56 38 6 2
-1 56 39 6 1
-1 56 39 6 2
-1 56 39 6 3
-2 56 41 6 1
2 56 43 6 1
2 56 43 6 2
-1 56 43 6 3
5 56 44 6 2
2 56 45 6 1
3 56 45 6 2
2 56 45 6 3
-1 56 59 6 1
-1 57 35 6 1
2 57 38 6 2
-2 57 39 6 1
1 57 39 6 3
-1 57 40 6 3
2 57 46 6 1
2 57 46 6 2
1 57 46 6 3
-1 57 60 6 1
-1 57 60 6 2
1 58 14 6 1
-2 58 36 6 2
1 58 36 6 3
-5 58 37 6 2
-6 58 38 6 2
1 58 40 6 2
-1 58 41 6 3
1 58 42 6 2
2 58 47 6 1
2 58 47 6 2
-1 58 47 6 3
1 58 48 6 1
1 58 48 6 3
-1 58 60 6 1
-1 58 61 6 1
1 59 14 6 1
-1 59 38 6 1
2 59 38 6 2
1 59 38 6 3
-2 59 39 6 1
-1 59 39 6 3
1 59 40 6 3
-2 59 41 6 2
-4 59 42 6 2
-2 59 43 6 2
1 59 46 6 1
4 59 48 6 1
2 59 48 6 2
-1 59 48 6 3
1 59 52 6 1
-1 60 8 6 1
1 60 14 6 1
-2 60 36 6 1
-1 60 36 6 3
2 60 37 6 1
1 60 37 6 3
-1 60 38 6 2
-1 60 40 6 1
3 60 40 6 2
1 60 41 6 1
2 60 41 6 2
1 60 42 6 1
1 60 42 6 2
-2 60 43 6 1
-1 60 45 6 1
1 60 49 6 1
1 60 49 6 3
-1 61 8 6 1
1 61 15 6 1
-1 61 32 6 1
-1 61 33 6 1
2 61 33 6 2
2 61 35 6 1
3 61 35 6 2
-2 61 36 6 1
1 61 36 6 2
1 61 37 6 1
-2 61 40 6 1
-3 61 40 6 2
-3 61 41 6 2
-1 61 42 6 2
-1 61 43 6 1
-1 61 43 6 2
1 61 45 6 1
-1 61 45 6 2
-1 61 46 6 1
-1 61 47 6 2
-1 61 48 6 2
4 61 50 6 2
1 61 51 6 1
1 61 51 6 2
-1 61 51 6 3
1 61 52 6 1
4 61 52 6 2
4 61 53 6 2
1 62 10 6 1
1 62 17 6 3
-2 62 31 6 1
-1 62 32 6 1
-1 62 33 6 2
-1 62 33 6 3
1 62 34 6 2
1 62 34 6 3
-1 62 36 6 1
1 62 36 6 2
1 62 37 6 2
1 62 38 6 2
1 62 38 6 3
1 62 39 6 1
1 62 40 6 2
-1 62 41 6 1
2 62 41 6 2
-1 62 43 6 1
1 62 43 6 2
-1 62 43 6 3
-1 62 45 6 2
-1 62 46 6 3
-1 62 51 6 2
1 62 52 6 3
-1 62 53 6 1
-2 62 53 6 2
-1 62 54 6 3
2 62 55 6 1
1 62 55 6 2
1 62 55 6 3
-1 63 10 6 3
1 63 11 6 2
-1 63 12 6 1
-1 63 12 6 2
1 63 28 6 2
-2 63 29 6 1
2 63 29 6 2
-1 63 29 6 3
1 63 30 6 1
2 63 30 6 2
-3 63 31 6 1
1 63 33 6 2
2 63 34 6 1
-2 63 35 6 1
1 63 35 6 2
-1 63 35 6 3
3 63 36 6 1
-1 63 36 6 2
-1 63 37 6 1
-1 63 41 6 1
1 63 41 6 3
-1 63 43 6 1
-1 63 44 6 2
1 63 46 6 2
1 63 47 6 3
1 63 48 6 1
-1 63 49 6 1
-2 63 49 6 2
-1 63 51 6 1
1 63 52 6 1
-1 63 52 6 2
-1 63 53 6 1
1 63 53 6 2
-1 63 53 6 3
1 63 55 6 1
3 63 55 6 2
-1 63 63 6 1
1 0 5 5 1
1 0 17 5 1
-4 0 26 5 1
1 0 26 5 2
1 1 11 5 1
-2 1 14 5 1
4 1 14 5 2
-2 1 14 5 3
-1 1 15 5 1
8 1 15 5 2
6 1 16 5 2
3 1 17 5 2
1 1 18 5 1
8 1 18 5 2
-2 1 18 5 3
1 1 19 5 1
7 1 19 5 2
1 1 19 5 3
1 1 20 5 2
1 1 20 5 3
1 1 24 5 1
-2 1 25 5 1
-1 1 25 5 3
-1 1 26 5 1
1 1 30 5 1
-1 1 31 5 1
1 2 11 5 1
-4 2 13 5 1
4 2 13 5 2
1 2 13 5 3
1 2 14 5 2
1 2 15 5 1
1 2 15 5 3
1 2 16 5 1
-1 2 16 5 2
1 2 16 5 3
-1 2 17 5 2
-1 2 18 5 2
-1 2 19 5 1
-3 2 19 5 2
1 2 20 5 1
-1 2 20 5 3
3 2 21 5 1
6 2 21 5 2
2 2 24 5 1
-5 2 25 5 1
1 2 25 5 2
1 2 30 5 1
1 3 11 5 2
-1 3 11 5 3
-4 3 12 5 1
5 3 12 5 2
-2 3 15 5 2
-1 3 16 5 3
-1 3 19 5 2
1 3 19 5 3
-1 3 20 5 1
-1 3 20 5 2
-1 3 21 5 1
-2 3 21 5 2
4 3 22 5 1
3 3 22 5 2
-2 3 22 5 3
1 3 23 5 1
-2 3 25 5 1
1 3 25 5 3
-2 3 26 5 2
-2 3 27 5 2
-2 3 28 5 2
-2 3 29 5 2
-1 3 30 5 2
-2 3 31 5 2
-1 4 10 5 1
1 4 10 5 2
-1 4 10 5 3
-1 4 11 5 1
1 4 11 5 3
-3 4 12 5 2
-1 4 13 5 2
-1 4 13 5 3
1 4 14 5 3
-1 4 15 5 2
-1 4 16 5 3
-2 4 18 5 2
-1 4 20 5 2
-1 4 22 5 1
-1 4 22 5 2
1 4 22 5 3
7 4 23 5 1
3 4 23 5 2
1 4 23 5 3
-3 4 24 5 1
1 4 24 5 2
-1 4 24 5 3
-1 4 25 5 1
2 4 25 5 2
2 4 26 5 2
2 4 27 5 2
1 4 28 5 1
1 4 28 5 3
-1 5 10 5 2
-1 5 12 5 1
1 5 12 5 3
-2 5 13 5 2
1 5 14 5 1
-2 5 14 5 2
-1 5 15 5 2
1 5 16 5 1
-3 5 16 5 2
-1 5 17 5 2
2 5 18 5 1
-1 5 19 5 3
-1 5 21 5 1
1 5 22 5 2
-1 5 23 5 1
-1 5 23 5 3
-4 5 24 5 1
2 5 24 5 2
1 5 24 5 3
3 5 28 5 1
1 5 30 5 2
1 6 0 5 2
-1 6 11 5 1
-1 6 11 5 2
1 6 12 5 2
1 6 13 5 1
-3 6 13 5 2
1 6 13 5 3
-1 6 14 5 2
-1 6 14 5 3
-1 6 16 5 2
-6 6 22 5 1
-2 6 22 5 2
-1 6 22 5 3
1 6 23 5 1
-1 6 23 5 2
-3 6 24 5 1
-1 6 27 5 2
2 6 28 5 1
-1 7 11 5 2
-3 7 22 5 1
1 7 22 5 3
1 7 23 5 1
-1 7 23 5 2
1 7 26 5 1
-1 8 9 5 1
1 8 10 5 1
1 8 11 5 1
-1 8 18 5 1
1 8 19 5 1
1 8 20 5 1
1 8 20 5 2
2 8 21 5 2
3 8 22 5 1
-1 8 23 5 1
-1 8 24 5 1
1 8 25 5 1
1 8 25 5 3
1 8 26 5 1
-1 8 26 5 2
-1 8 27 5 1
1 8 28 5 1
1 9 9 5 3
-1 9 10 5 3
1 9 11 5 2
-1 9 11 5 3
-1 9 12 5 1
1 9 13 5 2
-1 9 15 5 3
1 9 16 5 2
1 9 17 5 2
-3 9 21 5 1
-2 9 21 5 2
1 9 22 5 2
-1 9 22 5 3
-1 9 23 5 1
1 9 23 5 2
2 9 25 5 1
-3 9 27 5 1
2 9 28 5 1
-1 10 11 5 1
-1 10 11 5 2
1 10 11 5 3
-1 10 12 5 2
-1 10 13 5 2
-1 10 15 5 2
-1 10 16 5 2
-1 10 17 5 2
-1 10 19 5 1
2 10 20 5 1
-1 10 22 5 1
-1 10 22 5 2
-1 10 23 5 2
-1 10 24 5 2
2 10 25 5 1
-1 10 27 5 1
2 10 28 5 1
-1 10 30 5 1
1 10 31 5 1
-1 11 2 5 1
1 11 10 5 2
1 11 11 5 2
1 11 12 5 2
1 11 16 5 2
1 11 19 5 3
1 11 20 5 1
-4 11 23 5 1
-1 11 23 5 3
2 11 24 5 2
-1 11 27 5 1
-1 11 30 5 2
1 11 31 5 1
-1 12 10 5 1
-3 12 12 5 2
-1 12 15 5 1
1 12 16 5 2
1 12 17 5 1
-6 12 23 5 1
1 12 25 5 1
1 12 25 5 2
-1 12 27 5 1
1 13 1 5 3
2 13 11 5 2
-1 13 11 5 3
2 13 12 5 2
-2 13 13 5 1
-1 13 14 5 3
-2 13 15 5 1
3 13 15 5 2
-2 13 15 5 3
2 13 16 5 2
-1 13 23 5 1
2 13 23 5 2
1 13 23 5 3
-1 13 24 5 1
1 13 25 5 1
1 13 26 5 1
-2 13 27 5 1
-1 14 10 5 1
3 14 11 5 2
3 14 12 5 2
-1 14 14 5 1
2 14 15 5 2
-1 14 15 5 3
2 14 16 5 2
2 14 17 5 2
1 14 19 5 1
-1 14 20 5 2
-3 14 22 5 1
3 14 22 5 2
2 14 22 5 3
1 14 25 5 1
2 14 26 5 1
1 14 26 5 2
-1 14 27 5 1
1 14 31 5 1
-1 15 10 5 1
2 15 12 5 1
-1 15 12 5 2
2 15 13 5 1
-1 15 14 5 1
-1 15 14 5 2
-1 15 15 5 1
1 15 16 5 1
1 15 17 5 1
-1 15 18 5 2
-4 15 21 5 1
1 15 21 5 2
-1 15 21 5 3
1 15 26 5 1
-1 15 27 5 1
-1 15 30 5 1
-1 16 1 5 3
-1 16 10 5 1
-1 16 11 5 2
-2 16 12 5 1
2 16 13 5 1
-1 16 15 5 2
-1 16 16 5 2
-1 16 19 5 1
1 16 19 5 2
2 16 20 5 2
1 16 21 5 3
-1 16 22 5 1
-1 16 22 5 2
2 16 26 5 1
-1 17 12 5 1
-1 17 12 5 2
2 17 12 5 3
-2 17 13 5 2
-2 17 14 5 2
-1 17 15 5 2
-2 17 19 5 1
-1 17 23 5 1
-1 17 24 5 1
1 17 25 5 1
2 17 26 5 1
-1 17 29 5 2
-1 18 11 5 1
1 18 11 5 3
-1 18 13 5 1
-1 18 13 5 2
1 18 13 5 3
2 18 14 5 1
-3 18 14 5 2
-1 18 14 5 3
-1 18 15 5 1
1 18 15 5 2
-1 18 18 5 1
-1 18 23 5 1
-1 18 23 5 3
1 18 24 5 2
1 18 25 5 2
1 18 26 5 1
-1 18 28 5 2
1 18 31 5 1
-1 19 10 5 2
-2 19 12 5 1
-1 19 12 5 2
2 19 13 5 2
2 19 14 5 2
1 19 14 5 3
1 19 15 5 3
-1 19 23 5 1
1 19 25 5 1
3 19 26 5 1
1 19 27 5 2
1 19 28 5 2
1 19 29 5 2
1 19 30 5 2
2 19 31 5 2
-2 20 13 5 2
-2 20 14 5 2
-2 20 15 5 2
-2 20 20 5 1
-1 20 20 5 3
1 20 21 5 1
-1 20 23 5 1
1 20 29 5 2
1 21 9 5 1
-1 21 14 5 1
-2 21 14 5 3
2 21 15 5 2
-1 21 20 5 1
-2 21 20 5 2
1 21 20 5 3
-1 21 21 5 1
-4 21 21 5 2
-1 21 22 5 1
-5 21 22 5 2
-1 21 23 5 1
1 21 24 5 1
1 21 26 5 1
-1 21 27 5 1
-1 21 29 5 1
-1 22 0 5 3
1 22 1 5 1
1 22 1 5 2
-2 22 15 5 2
-1 22 15 5 3
-1 22 16 5 3
1 22 17 5 2
-1 22 19 5 2
-1 22 24 5 1
-6 22 24 5 2
1 22 24 5 3
-5 22 25 5 2
-1 22 26 5 2
-1 22 26 5 3
-1 22 27 5 1
-1 22 27 5 2
-1 22 28 5 1
-1 22 28 5 2
-1 22 29 5 2
-1 22 30 5 2
-1 22 31 5 2
-1 23 0 5 2
-2 23 1 5 2
-1 23 2 5 3
1 23 3 5 2
-1 23 19 5 2
-1 23 26 5 1
2 23 26 5 3
-1 23 27 5 1
-1 23 30 5 1
-2 24 6 5 1
4 24 6 5 2
-1 24 6 5 3
3 24 7 5 1
-1 24 7 5 2
2 24 7 5 3
-1 24 17 5 2
-1 24 25 5 1
1 24 25 5 2
2 24 26 5 2
4 24 27 5 2
1 24 27 5 3
1 25 1 5 1
-1 25 3 5 1
1 25 3 5 3
-1 25 4 5 2
-3 25 5 5 1
-1 25 6 5 2
2 25 7 5 1
-1 25 25 5 1
-1 25 26 5 2
-1 25 27 5 1
-3 25 27 5 2
-2 25 28 5 3
1 25 29 5 1
1 25 29 5 2
2 25 29 5 3
-1 25 30 5 1
-1 25 30 5 2
-1 25 31 5 2
-1 26 0 5 1
1 26 1 5 1
-1 26 2 5 1
-1 26 5 5 1
-1 26 27 5 2
1 26 27 5 3
-1 26 28 5 1
-3 26 28 5 2
-2 26 29 5 2
1 26 31 5 2
-1 27 1 5 3
-1 27 4 5 1
1 27 7 5 1
1 27 7 5 3
-1 27 18 5 1
1 27 19 5 2
-2 27 19 5 3
6 27 20 5 2
1 27 21 5 1
3 27 21 5 2
1 27 21 5 3
1 27 22 5 2
-2 27 29 5 3
-1 27 30 5 1
-1 27 31 5 1
-2 28 4 5 1
-1 28 5 5 2
2 28 7 5 1
-1 28 16 5 2
-1 28 17 5 2
-1 28 18 5 1
-4 28 18 5 2
-4 28 19 5 1
1 28 19 5 2
-2 28 19 5 3
-2 28 20 5 1
-2 28 20 5 3
1 28 21 5 2
2 28 22 5 1
4 28 22 5 2
1 28 23 5 1
2 28 23 5 2
1 28 23 5 3
-1 28 29 5 1
-1 28 29 5 2
-1 28 30 5 3
-3 29 4 5 1
2 29 7 5 1
-1 29 17 5 2
-1 29 18 5 1
-4 29 18 5 2
1 29 18 5 3
-2 29 19 5 1
1 29 20 5 1
2 29 20 5 3
-4 29 21 5 2
2 29 23 5 1
2 29 23 5 2
-1 29 23 5 3
3 29 24 5 1
2 29 24 5 2
2 29 24 5 3
1 29 28 5 1
-3 29 30 5 1
-1 29 30 5 2
1 29 31 5 2
-1 30 4 5 1
2 30 7 5 1
-2 30 16 5 1
4 30 16 5 2
-1 30 16 5 3
7 30 17 5 2
-2 30 18 5 3
1 30 19 5 1
-2 30 19 5 2
-2 30 20 5 2
-4 30 21 5 1
-1 30 21 5 2
2 30 22 5 3
-1 30 23 5 1
-2 30 23 5 3
1 30 24 5 1
-1 30 25 5 1
7 30 25 5 2
-1 30 25 5 3
2 30 26 5 1
5 30 26 5 2
1 30 26 5 3
-1 30 27 5 1
-1 30 28 5 2
-1 30 30 5 1
-1 30 31 5 1
-1 31 4 5 1
2 31 5 5 1
2 31 5 5 3
-1 31 6 5 3
2 31 14 5 2
4 31 15 5 2
2 31 15 5 3
1 31 16 5 1
1 31 16 5 2
1 31 16 5 3
1 31 17 5 1
1 31 17 5 2
1 31 17 5 3
2 31 18 5 3
1 31 19 5 1
-1 31 20 5 1
3 31 20 5 2
-1 31 21 5 1
3 31 21 5 2
-2 31 22 5 2
-2 31 23 5 2
-1 31 23 5 3
-1 31 24 5 1
-2 31 24 5 2
1 31 25 5 1
-1 31 25 5 2
2 31 25 5 3
-1 31 26 5 1
-2 31 26 5 2
6 31 27 5 1
-3 31 27 5 3
-3 31 31 5 1
-1 31 31 5 2
1 0 0 4 1
-2 0 1 4 1
2 0 5 4 1
-4 0 7 4 1
8 0 7 4 2
-3 0 7 4 3
-2 0 8 4 1
14 0 8 4 2
2 0 9 4 1
11 0 9 4 2
3 0 9 4 3
-1 0 10 4 1
1 0 10 4 2
-1 0 11 4 1
2 0 12 4 1
-1 0 12 4 3
-2 0 13 4 1
2 0 13 4 2
2 0 13 4 3
1 0 15 4 1
2 1 0 4 1
-2 1 1 4 1
1 1 2 4 1
2 1 5 4 1
-1 1 5 4 3
-6 1 6 4 1
12 1 6 4 2
1 1 6 4 3
1 1 7 4 1
-3 1 7 4 2
-1 1 7 4 3
1 1 8 4 3
-6 1 9 4 2
3 1 9 4 3
4 1 10 4 1
-2 1 10 4 2
-6 1 10 4 3
5 1 11 4 1
5 1 11 4 2
6 1 11 4 3
-8 1 12 4 1
1 1 12 4 2
-2 1 12 4 3
1 1 13 4 1
-2 1 13 4 2
-2 1 14 4 2
1 1 15 4 1
-3 1 15 4 2
1 2 0 4 1
-2 2 1 4 1
1 2 2 4 1
-4 2 5 4 1
-1 2 5 4 2
1 2 5 4 3
-1 2 6 4 1
-4 2 6 4 2
1 2 7 4 1
-6 2 7 4 2
2 2 8 4 1
-7 2 8 4 2
-6 2 9 4 2
-2 2 10 4 1
-4 2 10 4 2
3 2 11 4 2
-5 2 11 4 3
-11 2 12 4 1
5 2 12 4 2
1 2 12 4 3
1 2 13 4 1
2 2 13 4 2
5 2 14 4 1
1 2 15 4 2
2 3 0 4 1
-1 3 5 4 2
1 3 5 4 3
-8 3 6 4 2
-1 3 6 4 3
-3 3 7 4 2
-1 3 8 4 2
-1 3 10 4 1
-4 3 11 4 1
-5 3 11 4 2
-1 3 11 4 3
-2 3 12 4 1
1 3 12 4 3
3 3 13 4 1
1 3 13 4 3
1 3 14 4 1
-1 3 14 4 2
-1 3 14 4 3
2 3 15 4 1
1 4 0 4 1
-1 4 1 4 1
1 4 2 4 1
-1 4 4 4 1
2 4 5 4 1
3 4 5 4 2
-1 4 5 4 3
4 4 6 4 2
-1 4 6 4 3
3 4 7 4 2
2 4 8 4 2
-1 4 10 4 3
2 4 11 4 2
1 4 12 4 1
1 4 12 4 3
-1 4 13 4 2
-2 4 13 4 3
1 4 14 4 1
-1 4 14 4 2
-1 5 1 4 1
1 5 2 4 1
1 5 6 4 3
-1 5 9 4 1
-2 5 9 4 2
1 5 10 4 1
-1 5 10 4 2
-2 5 11 4 1
-2 5 11 4 2
2 5 12 4 1
-3 5 12 4 2
-1 5 13 4 1
-3 5 13 4 2
1 5 15 4 1
-1 5 15 4 2
-1 6 1 4 1
-1 6 5 4 1
-1 6 5 4 2
1 6 5 4 3
-3 6 6 4 1
-1 6 6 4 3
1 6 7 4 1
-1 6 7 4 3
1 6 8 4 1
-1 6 8 4 2
1 6 9 4 2
-12 6 11 4 1
2 6 11 4 2
-2 6 11 4 3
3 6 12 4 1
2 6 12 4 2
-1 6 12 4 3
-3 6 13 4 1
1 6 15 4 1
1 6 15 4 3
-1 7 1 4 1
-1 7 4 4 2
-4 7 5 4 1
2 7 5 4 2
-1 7 5 4 3
2 7 6 4 3
-4 7 7 4 1
-2 7 7 4 3
2 7 8 4 1
4 7 8 4 2
2 7 8 4 3
1 7 9 4 1
-3 7 10 4 1
1 7 10 4 2
-2 7 10 4 3
-4 7 11 4 1
2 7 11 4 2
2 7 11 4 3
1 7 12 4 1
-1 7 13 4 3
2 7 15 4 1
1 8 0 4 1
-1 8 1 4 1
-2 8 5 4 2
-1 8 6 4 3
-1 8 7 4 1
3 8 7 4 3
2 8 8 4 1
-3 8 8 4 2
-1 8 8 4 3
-3 8 9 4 1
-5 8 10 4 1
1 8 10 4 2
2 8 10 4 3
-1 8 11 4 1
-3 8 11 4 2
-1 8 13 4 3
1 8 15 4 1
1 9 0 4 1
-1 9 1 4 1
-1 9 1 4 2
1 9 2 4 1
2 9 5 4 3
-1 9 6 4 1
-2 9 6 4 3
2 9 7 4 1
2 9 7 4 2
3 9 8 4 1
-1 9 8 4 2
-2 9 9 4 2
-2 9 10 4 1
2 9 10 4 2
-1 9 10 4 3
-1 9 11 4 1
2 9 11 4 2
3 9 12 4 2
1 9 12 4 3
1 9 13 4 2
1 9 14 4 2
1 9 15 4 1
2 10 0 4 1
-1 10 1 4 1
-1 10 4 4 2
-1 10 5 4 1
-1 10 6 4 1
-2 10 6 4 2
1 10 6 4 3
2 10 7 4 1
-1 10 10 4 1
-5 10 10 4 2
-3 10 11 4 1
-4 10 11 4 2
-3 10 11 4 3
3 10 12 4 1
-1 10 12 4 2
-2 10 13 4 1
-1 10 13 4 2
-1 10 13 4 3
-1 10 14 4 1
-1 10 14 4 2
-1 10 15 4 2
-1 11 0 4 3
2 11 1 4 2
1 11 2 4 2
1 11 3 4 2
-2 11 7 4 1
-3 11 7 4 2
2 11 7 4 3
-2 11 8 4 2
-1 11 8 4 3
1 11 9 4 1
-1 11 9 4 2
-1 11 10 4 2
-6 11 12 4 2
-8 11 13 4 1
-2 11 13 4 2
-3 11 13 4 3
-1 11 14 4 2
-2 11 15 4 2
1 12 0 4 1
2 12 0 4 2
1 12 0 4 3
-3 12 1 4 1
-2 12 1 4 2
1 12 1 4 3
-1 12 2 4 3
1 12 3 4 1
-1 12 3 4 2
4 12 3 4 3
-1 12 8 4 2
-3 12 12 4 1
2 12 12 4 2
-4 12 13 4 1
-4 12 13 4 2
-1 12 13 4 3
3 12 14 4 1
5 12 14 4 2
2 12 14 4 3
-2 13 0 4 2
-1 13 0 4 3
1 13 1 4 1
-8 13 2 4 1
7 13 3 4 1
1 13 8 4 2
-4 13 9 4 1
2 13 9 4 2
-1 13 9 4 3
1 13 10 4 1
4 13 10 4 2
-1 13 11 4 1
2 13 11 4 2
1 13 11 4 3
-2 13 13 4 2
-3 13 14 4 1
-4 13 14 4 2
-1 13 14 4 3
-1 13 15 4 1
-1 13 15 4 3
1 14 1 4 1
-4 14 2 4 1
1 14 2 4 3
5 14 3 4 1
-1 14 8 4 1
-1 14 8 4 2
-11 14 9 4 1
-1 14 9 4 3
-3 14 10 4 1
-1 14 10 4 2
6 14 11 4 1
12 14 11 4 2
-5 14 11 4 3
1 14 12 4 1
2 14 12 4 2
1 14 12 4 3
1 14 13 4 1
-1 14 14 4 2
-2 14 15 4 1
-1 14 15 4 2
-1 14 15 4 3
-1 15 2 4 1
1 15 2 4 3
2 15 3 4 1
-1 15 3 4 3
1 15 4 4 2
-2 15 7 4 1
4 15 7 4 2
-2 15 7 4 3
14 15 8 4 2
1 15 8 4 3
5 15 9 4 1
6 15 9 4 2
-5 15 10 4 2
-2 15 10 4 3
-3 15 11 4 2
-2 15 11 4 3
9 15 12 4 1
3 15 12 4 2
-6 15 12 4 3
6 15 13 4 1
12 15 13 4 2
1 15 13 4 3
-7 15 15 4 1
-2 15 15 4 2
1 15 15 4 3
-1 0 0 3 1
2 0 1 3 1
2 0 2 3 1
2 0 2 3 2
-1 0 2 3 3
-11 0 3 3 1
24 0 3 3 2
-2 0 3 3 3
14 0 4 3 2
-3 0 4 3 3
7 0 5 3 1
18 0 5 3 2
12 0 5 3 3
-22 0 6 3 1
2 0 6 3 2
2 0 6 3 3
4 0 7 3 1
-5 0 7 3 2
1 0 7 3 3
-1 1 0 3 1
1 1 1 3 1
-1 1 2 3 1
-3 1 2 3 2
4 1 2 3 3
5 1 3 3 1
-21 1 3 3 2
4 1 3 3 3
4 1 4 3 1
-16 1 4 3 2
-3 1 4 3 3
-17 1 5 3 1
-12 1 5 3 2
-3 1 5 3 3
-2 1 6 3 1
6 1 6 3 2
4 1 6 3 3
6 1 7 3 1
-2 1 7 3 3
-1 2 0 3 1
1 2 1 3 1
5 2 2 3 1
-4 2 2 3 2
2 2 2 3 3
1 2 3 3 1
-3 2 3 3 2
1 2 3 3 3
-1 2 4 3 2
-5 2 5 3 1
-5 2 5 3 2
-2 2 5 3 3
8 2 6 3 1
-5 2 6 3 2
-2 2 6 3 3
-4 2 7 3 2
-1 2 7 3 3
-1 3 0 3 1
1 3 1 3 1
-1 3 1 3 2
-2 3 2 3 1
4 3 2 3 2
-4 3 2 3 3
4 3 3 3 1
6 3 3 3 2
5 3 4 3 1
6 3 4 3 2
2 3 4 3 3
-20 3 5 3 1
10 3 5 3 2
-7 3 5 3 3
15 3 6 3 1
2 3 6 3 2
1 3 7 3 2
-1 4 0 3 1
-1 4 0 3 2
1 4 1 3 1
-2 4 2 3 2
2 4 3 3 1
2 4 3 3 2
1 4 3 3 3
-3 4 4 3 2
-4 4 5 3 1
-1 4 5 3 2
2 4 5 3 3
12 4 6 3 1
-3 4 6 3 2
1 4 6 3 3
-2 4 7 3 1
-3 4 7 3 2
-1 4 7 3 3
1 5 0 3 1
3 5 0 3 2
2 5 0 3 3
2 5 1 3 1
-1 5 1 3 2
1 5 1 3 3
3 5 2 3 1
-2 5 2 3 2
-1 5 2 3 3
-3 5 3 3 1
-2 5 3 3 2
6 5 4 3 2
2 5 4 3 3
-1 5 5 3 1
-23 5 5 3 2
2 5 5 3 3
-2 5 6 3 1
-17 5 6 3 2
-9 5 6 3 3
-3 5 7 3 1
-4 5 7 3 2
-3 6 0 3 2
2 6 0 3 3
-3 6 1 3 1
-1 6 1 3 2
2 6 1 3 3
-2 6 4 3 1
2 6 4 3 2
-2 6 4 3 3
4 6 5 3 2
-11 6 6 3 1
-6 6 6 3 2
10 6 6 3 3
-8 6 7 3 2
-3 6 7 3 3
1 7 0 3 2
1 7 1 3 1
1 7 1 3 2
1 7 2 3 2
-2 7 3 3 1
2 7 3 3 2
-1 7 3 3 3
-11 7 4 3 1
16 7 4 3 2
8 7 4 3 3
-1 7 5 3 1
-4 7 5 3 2
-16 7 5 3 3
9 7 6 3 1
21 7 6 3 2
4 7 6 3 3
-14 7 7 3 1
-6 7 7 3 2
2 7 7 3 3
-2 0 0 2 1
-15 0 1 2 1
5 0 1 2 2
3 0 1 2 3
-15 0 2 2 2
-18 0 2 2 3
-10 0 3 2 1
-1 0 3 2 2
26 0 3 2 3
-1 1 0 2 1
-1 1 0 2 2
1 1 1 2 1
11 1 1 2 2
-7 1 1 2 3
-16 1 2 2 1
4 1 2 2 2
1 1 2 2 3
15 1 3 2 1
-1 1 3 2 2
4 1 3 2 3
-5 2 0 2 2
2 2 0 2 3
-2 2 1 2 1
-14 2 1 2 2
1 2 1 2 3
-26 2 2 2 1
-17 2 2 2 2
10 2 2 2 3
4 2 3 2 1
-2 2 3 2 2
-16 2 3 2 3
-17 3 0 2 1
-1 3 0 2 2
-2 3 0 2 3
-1 3 1 2 3
-20 3 2 2 1
59 3 2 2 2
-20 3 2 2 3
-2 3 3 2 1
-3 3 3 2 2
16 3 3 2 3
-9 0 0 1 1
-10 0 0 1 2
9 0 0 1 3
-57 0 1 1 1
-28 0 1 1 2
-6 0 1 1 3
15 1 0 1 1
-15 1 0 1 2
10 1 0 1 3
-19 1 1 1 1
-11 1 1 1 2
27 1 1 1 3
-85 0 0 0 1
-41 0 0 0 2
-11 0 0 0 3
273 0 0 0 0
