noise.pgm 8 2.000000 0.294353 1033
1 5 61 7 2
1 5 62 7 2
1 5 63 7 2
1 5 64 7 2
1 6 73 7 1
1 6 77 7 2
1 7 80 7 2
1 7 81 7 2
1 8 56 7 2
1 8 83 7 1
1 8 83 7 2
-1 9 55 7 1
-1 14 49 7 1
1 15 56 7 2
1 19 94 7 1
1 20 58 7 2
1 21 95 7 1
-1 22 61 7 2
-1 39 59 7 1
-1 39 89 7 2
1 47 45 7 2
-1 47 94 7 1
-1 51 93 7 1
1 54 46 7 1
-1 55 91 7 1
-1 63 85 7 1
-1 70 54 7 2
1 71 53 7 2
-1 86 87 7 2
1 96 29 7 2
1 96 31 7 1
1 96 106 7 2
1 97 107 7 2
1 101 115 7 2
1 110 79 7 2
-1 110 79 7 3
1 110 80 7 2
1 111 77 7 2
1 111 78 7 2
1 111 81 7 2
1 111 82 7 2
1 111 85 7 1
1 111 86 7 2
1 112 74 7 2
1 112 87 7 1
-1 113 74 7 2
-1 113 75 7 2
-1 113 76 7 2
-1 113 79 7 1
1 114 91 7 2
1 115 93 7 1
1 116 93 7 1
1 117 95 7 2
1 117 96 7 1
-1 119 81 7 2
-1 119 82 7 2
-1 119 85 7 2
1 119 97 7 1
1 120 73 7 2
1 120 81 7 2
1 120 99 7 1
-1 121 72 7 1
1 121 74 7 1
1 121 99 7 1
-1 122 67 7 1
-1 122 80 7 1
-1 122 86 7 1
1 122 102 7 2
1 122 103 7 2
1 122 104 7 2
1 123 66 7 2
-1 123 82 7 2
1 123 107 7 2
-1 124 95 7 2
1 124 109 7 1
1 124 109 7 2
-1 125 63 7 1
1 125 110 7 1
1 126 60 7 2
1 126 61 7 2
-1 126 75 7 2
1 126 79 7 1
1 127 79 7 2
-1 0 56 6 1
1 2 30 6 2
1 2 31 6 2
2 2 32 6 2
2 2 33 6 2
1 2 34 6 2
3 2 35 6 2
2 2 36 6 2
-1 2 51 6 1
2 3 38 6 2
3 3 39 6 2
2 3 40 6 2
1 3 40 6 3
-1 3 51 6 1
-1 4 27 6 1
2 4 27 6 2
-1 4 37 6 2
-1 4 38 6 2
-1 4 39 6 2
1 4 42 6 1
2 4 42 6 2
-1 4 51 6 1
-1 5 27 6 2
1 5 43 6 2
-1 6 25 6 1
1 6 25 6 2
1 6 26 6 2
1 6 27 6 2
-1 6 35 6 2
1 6 44 6 2
-1 6 50 6 1
-1 7 24 6 1
1 7 24 6 2
1 7 45 6 1
1 7 45 6 2
-1 7 45 6 3
1 8 29 6 2
1 8 46 6 1
1 8 46 6 2
-1 9 22 6 2
-1 9 29 6 2
-1 9 46 6 3
1 9 47 6 1
1 9 47 6 2
1 9 47 6 3
-1 10 32 6 2
-1 10 33 6 2
1 10 34 6 1
-1 10 34 6 2
-1 10 46 6 1
2 10 47 6 1
1 10 47 6 2
-1 10 49 6 1
1 11 20 6 1
-1 11 46 6 1
1 11 47 6 1
-1 12 28 6 2
-1 12 44 6 2
-1 13 25 6 2
-1 13 26 6 2
-1 13 45 6 1
-1 13 48 6 1
-1 14 45 6 1
-1 14 45 6 2
1 14 46 6 1
-1 14 48 6 1
1 17 41 6 1
-1 17 47 6 1
1 18 43 6 1
-1 19 44 6 1
-1 20 40 6 1
-1 20 47 6 1
-1 21 47 6 1
-1 22 47 6 1
1 23 22 6 2
1 23 23 6 2
-1 24 23 6 2
-1 25 46 6 1
1 26 27 6 3
-1 26 46 6 1
1 27 31 6 1
1 27 31 6 2
-1 27 45 6 1
1 29 32 6 2
1 29 33 6 2
-1 30 21 6 1
-1 30 43 6 1
-1 32 26 6 2
1 32 33 6 1
1 33 28 6 2
1 35 26 6 2
-2 36 27 6 2
-2 36 28 6 2
-1 36 29 6 2
1 36 32 6 2
-1 36 40 6 1
-1 37 27 6 2
-1 37 40 6 1
-1 38 40 6 1
-1 39 21 6 2
-1 39 40 6 1
-1 40 40 6 1
1 42 42 6 1
1 43 30 6 2
-1 43 43 6 2
-1 43 46 6 2
-1 44 48 6 1
-1 44 48 6 2
-1 44 59 6 2
-1 45 51 6 2
-1 45 52 6 2
-1 48 14 6 1
2 48 14 6 2
1 48 15 6 1
-1 48 52 6 1
1 48 53 6 1
2 48 53 6 2
-1 49 12 6 1
1 49 12 6 2
-1 50 11 6 1
-1 50 55 6 2
1 50 57 6 2
1 51 58 6 2
-1 52 10 6 1
-1 52 58 6 2
-1 52 59 6 3
1 54 14 6 1
-1 55 9 6 1
1 55 14 6 1
1 55 38 6 2
-1 55 38 6 3
-2 55 39 6 1
2 55 39 6 2
1 55 40 6 1
2 55 40 6 2
3 55 41 6 2
1 55 42 6 1
2 55 42 6 2
1 55 43 6 2
-1 56 35 6 3
-1 56 36 6 1
1 56 36 6 2
-2 56 38 6 2
-1 56 39 6 2
-1 56 41 6 1
1 56 43 6 1
1 56 43 6 2
3 56 44 6 2
1 56 45 6 1
2 56 45 6 2
1 56 45 6 3
1 57 38 6 2
-1 57 39 6 1
-1 57 40 6 3
1 57 46 6 1
1 57 46 6 2
-1 58 36 6 2
-3 58 37 6 2
-4 58 38 6 2
1 58 47 6 1
1 58 47 6 2
-1 58 47 6 3
1 58 48 6 1
-1 59 38 6 1
1 59 38 6 2
-1 59 39 6 1
-1 59 41 6 2
-2 59 42 6 2
-1 59 43 6 2
2 59 48 6 1
1 59 48 6 2
-1 60 36 6 1
-1 60 36 6 3
1 60 37 6 1
-1 60 38 6 2
2 60 40 6 2
1 60 41 6 1
2 60 41 6 2
1 60 42 6 2
-1 60 43 6 1
-1 60 45 6 1
1 60 49 6 1
1 60 49 6 3
1 61 33 6 2
1 61 35 6 1
2 61 35 6 2
-1 61 36 6 1
1 61 36 6 2
1 61 37 6 1
-1 61 40 6 1
-2 61 40 6 2
-2 61 41 6 2
-1 61 43 6 1
-1 61 43 6 2
1 61 45 6 1
-1 61 47 6 2
-1 61 48 6 2
2 61 50 6 2
1 61 51 6 2
1 61 52 6 1
3 61 52 6 2
3 61 53 6 2
-1 62 31 6 1
-1 62 33 6 2
1 62 36 6 2
1 62 41 6 2
-1 62 43 6 1
-1 62 45 6 2
-1 62 53 6 2
1 62 55 6 1
-1 63 12 6 2
-1 63 29 6 1
1 63 29 6 2
1 63 30 6 1
1 63 30 6 2
-2 63 31 6 1
1 63 34 6 1
-1 63 35 6 1
1 63 35 6 2
2 63 36 6 1
-1 63 37 6 1
-1 63 41 6 1
-1 63 43 6 1
1 63 46 6 2
-1 63 49 6 2
-1 63 52 6 2
1 63 55 6 1
2 63 55 6 2
-1 63 63 6 1
-3 0 26 5 1
1 0 26 5 2
-1 1 14 5 1
2 1 14 5 2
-1 1 14 5 3
5 1 15 5 2
4 1 16 5 2
2 1 17 5 2
6 1 18 5 2
-1 1 18 5 3
4 1 19 5 2
1 1 20 5 3
1 1 24 5 1
-1 1 25 5 1
-1 1 26 5 1
1 2 11 5 1
-2 2 13 5 1
2 2 13 5 2
1 2 16 5 1
-1 2 17 5 2
-1 2 18 5 2
-1 2 19 5 1
-2 2 19 5 2
1 2 20 5 1
-1 2 20 5 3
2 2 21 5 1
4 2 21 5 2
1 2 24 5 1
-3 2 25 5 1
1 3 11 5 2
-3 3 12 5 1
3 3 12 5 2
-1 3 15 5 2
-1 3 21 5 2
2 3 22 5 1
2 3 22 5 2
-1 3 22 5 3
-1 3 25 5 1
-1 3 26 5 2
-1 3 27 5 2
-1 3 28 5 2
-1 3 29 5 2
-1 3 30 5 2
-1 3 31 5 2
-1 4 11 5 1
1 4 11 5 3
-2 4 12 5 2
-1 4 15 5 2
-1 4 18 5 2
-1 4 22 5 1
5 4 23 5 1
2 4 23 5 2
-2 4 24 5 1
1 4 24 5 2
1 4 25 5 2
1 4 26 5 2
1 4 27 5 2
-1 5 13 5 2
-1 5 14 5 2
-1 5 15 5 2
1 5 16 5 1
-2 5 16 5 2
1 5 18 5 1
-1 5 23 5 1
-1 5 23 5 3
-3 5 24 5 1
1 5 24 5 2
2 5 28 5 1
-2 6 13 5 2
1 6 13 5 3
-1 6 14 5 3
-4 6 22 5 1
-1 6 22 5 2
1 6 23 5 1
-2 6 24 5 1
-1 6 27 5 2
1 6 28 5 1
-2 7 22 5 1
1 7 22 5 3
-1 7 23 5 2
1 8 10 5 1
1 8 21 5 2
2 8 22 5 1
-1 8 23 5 1
1 8 25 5 1
1 8 26 5 1
-1 8 26 5 2
-1 8 27 5 1
1 9 11 5 2
-2 9 21 5 1
-1 9 21 5 2
-1 9 23 5 1
1 9 25 5 1
-2 9 27 5 1
1 9 28 5 1
-1 10 19 5 1
1 10 20 5 1
-1 10 22 5 1
-1 10 23 5 2
-1 10 24 5 2
1 10 25 5 1
-1 10 27 5 1
1 10 28 5 1
1 11 10 5 2
1 11 11 5 2
1 11 12 5 2
-3 11 23 5 1
1 11 24 5 2
-2 12 12 5 2
1 12 16 5 2
-4 12 23 5 1
1 12 25 5 1
-1 12 27 5 1
1 13 11 5 2
1 13 12 5 2
-1 13 13 5 1
-1 13 15 5 1
2 13 15 5 2
-1 13 15 5 3
1 13 16 5 2
-1 13 23 5 1
1 13 23 5 2
1 13 25 5 1
-1 13 27 5 1
-1 14 10 5 1
2 14 11 5 2
2 14 12 5 2
-1 14 14 5 1
1 14 15 5 2
1 14 16 5 2
1 14 17 5 2
-2 14 22 5 1
2 14 22 5 2
1 14 22 5 3
1 14 26 5 1
-1 15 10 5 1
1 15 12 5 1
1 15 13 5 1
1 15 16 5 1
-3 15 21 5 1
1 15 21 5 2
1 15 26 5 1
-1 16 11 5 2
-1 16 12 5 1
1 16 13 5 1
-1 16 16 5 2
-1 16 19 5 1
1 16 20 5 2
1 16 26 5 1
-1 17 12 5 2
1 17 12 5 3
-1 17 13 5 2
-1 17 14 5 2
-1 17 19 5 1
-1 17 24 5 1
1 17 26 5 1
-1 18 11 5 1
-1 18 13 5 1
1 18 13 5 3
1 18 14 5 1
-2 18 14 5 2
1 18 25 5 2
1 18 26 5 1
-1 19 12 5 1
1 19 13 5 2
1 19 14 5 2
-1 19 23 5 1
2 19 26 5 1
1 19 27 5 2
1 19 28 5 2
1 19 29 5 2
1 19 30 5 2
1 19 31 5 2
-1 20 13 5 2
-1 20 14 5 2
-1 20 15 5 2
-1 20 20 5 1
-1 20 23 5 1
1 21 9 5 1
-1 21 14 5 3
1 21 15 5 2
-1 21 20 5 1
-1 21 20 5 2
1 21 20 5 3
-3 21 21 5 2
-3 21 22 5 2
-1 21 23 5 1
1 21 24 5 1
1 21 26 5 1
1 22 1 5 1
-1 22 15 5 2
1 22 17 5 2
-1 22 24 5 1
-4 22 24 5 2
1 22 24 5 3
-3 22 25 5 2
-1 22 29 5 2
-1 22 31 5 2
-1 23 1 5 2
1 23 3 5 2
1 23 26 5 3
-1 24 6 5 1
2 24 6 5 2
-1 24 6 5 3
2 24 7 5 1
1 24 7 5 3
-1 24 25 5 1
1 24 26 5 2
2 24 27 5 2
1 24 27 5 3
1 25 1 5 1
-1 25 4 5 2
-2 25 5 5 1
1 25 7 5 1
-1 25 26 5 2
-1 25 27 5 1
-2 25 27 5 2
-1 25 28 5 3
1 25 29 5 1
1 25 29 5 3
1 26 1 5 1
-1 26 5 5 1
-2 26 28 5 2
-1 26 29 5 2
1 27 7 5 1
1 27 19 5 2
-1 27 19 5 3
4 27 20 5 2
1 27 21 5 1
2 27 21 5 2
-1 27 29 5 3
-1 27 30 5 1
-1 28 4 5 1
1 28 7 5 1
-1 28 18 5 1
-3 28 18 5 2
-3 28 19 5 1
-1 28 19 5 3
-1 28 20 5 1
-1 28 20 5 3
1 28 22 5 1
3 28 22 5 2
1 28 23 5 1
1 28 23 5 2
1 28 23 5 3
-1 28 29 5 1
-2 29 4 5 1
1 29 7 5 1
-1 29 17 5 2
-1 29 18 5 1
-3 29 18 5 2
-1 29 19 5 1
1 29 20 5 1
1 29 20 5 3
-2 29 21 5 2
1 29 23 5 1
1 29 23 5 2
2 29 24 5 1
1 29 24 5 2
1 29 24 5 3
-2 29 30 5 1
-1 29 30 5 2
-1 30 4 5 1
1 30 7 5 1
-1 30 16 5 1
3 30 16 5 2
-1 30 16 5 3
5 30 17 5 2
-1 30 18 5 3
1 30 19 5 1
-1 30 19 5 2
-1 30 20 5 2
-2 30 21 5 1
1 30 22 5 3
-1 30 23 5 3
1 30 24 5 1
-1 30 25 5 1
4 30 25 5 2
1 30 26 5 1
3 30 26 5 2
1 30 26 5 3
-1 30 27 5 1
-1 30 30 5 1
-1 30 31 5 1
-1 31 4 5 1
1 31 5 5 1
1 31 5 5 3
-1 31 6 5 3
1 31 14 5 2
3 31 15 5 2
1 31 15 5 3
1 31 16 5 1
1 31 17 5 3
1 31 18 5 3
-1 31 20 5 1
2 31 20 5 2
-1 31 21 5 1
2 31 21 5 2
-1 31 22 5 2
-1 31 23 5 2
-1 31 24 5 2
1 31 25 5 1
-1 31 25 5 2
1 31 25 5 3
-1 31 26 5 1
-1 31 26 5 2
4 31 27 5 1
-2 31 27 5 3
-2 31 31 5 1
-1 0 1 4 1
1 0 5 4 1
-2 0 7 4 1
5 0 7 4 2
-2 0 7 4 3
-1 0 8 4 1
10 0 8 4 2
1 0 9 4 1
7 0 9 4 2
2 0 9 4 3
1 0 12 4 1
-1 0 12 4 3
-1 0 13 4 1
1 0 13 4 2
1 0 13 4 3
1 0 15 4 1
1 1 0 4 1
-1 1 1 4 1
1 1 5 4 1
-4 1 6 4 1
8 1 6 4 2
1 1 6 4 3
-2 1 7 4 2
-4 1 9 4 2
2 1 9 4 3
2 1 10 4 1
-1 1 10 4 2
-4 1 10 4 3
3 1 11 4 1
3 1 11 4 2
4 1 11 4 3
-5 1 12 4 1
1 1 12 4 2
-1 1 12 4 3
-1 1 13 4 2
-1 1 14 4 2
-2 1 15 4 2
-1 2 1 4 1
-3 2 5 4 1
-1 2 5 4 2
-1 2 6 4 1
-2 2 6 4 2
1 2 7 4 1
-4 2 7 4 2
1 2 8 4 1
-4 2 8 4 2
-4 2 9 4 2
-1 2 10 4 1
-2 2 10 4 2
2 2 11 4 2
-3 2 11 4 3
-7 2 12 4 1
3 2 12 4 2
1 2 13 4 2
3 2 14 4 1
1 3 0 4 1
-1 3 5 4 2
1 3 5 4 3
-5 3 6 4 2
-1 3 6 4 3
-2 3 7 4 2
-2 3 11 4 1
-3 3 11 4 2
-1 3 12 4 1
2 3 13 4 1
1 3 14 4 1
-1 3 14 4 3
1 3 15 4 1
1 4 0 4 1
-1 4 1 4 1
1 4 2 4 1
1 4 5 4 1
2 4 5 4 2
3 4 6 4 2
2 4 7 4 2
1 4 8 4 2
-1 4 10 4 3
1 4 11 4 2
1 4 12 4 3
-1 4 13 4 3
1 4 14 4 1
-1 4 14 4 2
-1 5 1 4 1
1 5 2 4 1
-1 5 9 4 2
1 5 10 4 1
-1 5 10 4 2
-1 5 11 4 1
-1 5 11 4 2
1 5 12 4 1
-2 5 12 4 2
-1 5 13 4 1
-2 5 13 4 2
1 5 15 4 1
-1 5 15 4 2
-1 6 1 4 1
-1 6 5 4 1
-2 6 6 4 1
-1 6 6 4 3
1 6 7 4 1
-1 6 7 4 3
-8 6 11 4 1
1 6 11 4 2
-1 6 11 4 3
2 6 12 4 1
1 6 12 4 2
-2 6 13 4 1
-3 7 5 4 1
1 7 5 4 2
-1 7 5 4 3
1 7 6 4 3
-3 7 7 4 1
-1 7 7 4 3
1 7 8 4 1
2 7 8 4 2
1 7 8 4 3
-2 7 10 4 1
-1 7 10 4 3
-3 7 11 4 1
1 7 11 4 2
1 7 11 4 3
1 7 15 4 1
-1 8 1 4 1
-1 8 5 4 2
-1 8 7 4 1
2 8 7 4 3
1 8 8 4 1
-2 8 8 4 2
-2 8 9 4 1
-3 8 10 4 1
1 8 10 4 3
-2 8 11 4 2
-1 9 1 4 1
1 9 5 4 3
-1 9 6 4 3
1 9 7 4 1
1 9 7 4 2
2 9 8 4 1
-1 9 8 4 2
-1 9 9 4 2
-1 9 10 4 1
1 9 10 4 2
-1 9 10 4 3
-1 9 11 4 1
1 9 11 4 2
2 9 12 4 2
1 9 13 4 2
1 9 14 4 2
1 10 0 4 1
-1 10 6 4 2
1 10 6 4 3
1 10 7 4 1
-3 10 10 4 2
-2 10 11 4 1
-2 10 11 4 2
-2 10 11 4 3
2 10 12 4 1
-1 10 12 4 2
-1 10 13 4 1
-1 10 13 4 2
-1 11 0 4 3
1 11 1 4 2
1 11 3 4 2
-1 11 7 4 1
-2 11 7 4 2
1 11 7 4 3
-1 11 8 4 2
-4 11 12 4 2
-5 11 13 4 1
-1 11 13 4 2
-2 11 13 4 3
-1 11 15 4 2
1 12 0 4 1
1 12 0 4 2
-2 12 1 4 1
-1 12 1 4 2
-1 12 2 4 3
1 12 3 4 1
-1 12 3 4 2
2 12 3 4 3
-2 12 12 4 1
1 12 12 4 2
-3 12 13 4 1
-2 12 13 4 2
2 12 14 4 1
3 12 14 4 2
1 12 14 4 3
-1 13 0 4 2
-5 13 2 4 1
4 13 3 4 1
-2 13 9 4 1
1 13 9 4 2
-1 13 9 4 3
2 13 10 4 2
-1 13 11 4 1
1 13 11 4 2
-1 13 13 4 2
-2 13 14 4 1
-3 13 14 4 2
-1 13 15 4 3
-3 14 2 4 1
3 14 3 4 1
-1 14 8 4 1
-7 14 9 4 1
-1 14 9 4 3
-2 14 10 4 1
-1 14 10 4 2
4 14 11 4 1
8 14 11 4 2
-3 14 11 4 3
1 14 12 4 1
1 14 12 4 2
1 14 13 4 1
-1 14 15 4 1
-1 14 15 4 2
-1 14 15 4 3
-1 15 2 4 1
1 15 3 4 1
-1 15 7 4 1
3 15 7 4 2
-1 15 7 4 3
9 15 8 4 2
3 15 9 4 1
4 15 9 4 2
-3 15 10 4 2
-1 15 10 4 3
-2 15 11 4 2
-1 15 11 4 3
6 15 12 4 1
2 15 12 4 2
-4 15 12 4 3
4 15 13 4 1
8 15 13 4 2
1 15 13 4 3
-5 15 15 4 1
-1 15 15 4 2
1 15 15 4 3
1 0 1 3 1
1 0 2 3 1
1 0 2 3 2
-1 0 2 3 3
-7 0 3 3 1
16 0 3 3 2
-2 0 3 3 3
9 0 4 3 2
-2 0 4 3 3
5 0 5 3 1
12 0 5 3 2
8 0 5 3 3
-15 0 6 3 1
1 0 6 3 2
1 0 6 3 3
2 0 7 3 1
-3 0 7 3 2
-1 1 0 3 1
-1 1 2 3 1
-2 1 2 3 2
2 1 2 3 3
3 1 3 3 1
-14 1 3 3 2
2 1 3 3 3
3 1 4 3 1
-11 1 4 3 2
-2 1 4 3 3
-12 1 5 3 1
-8 1 5 3 2
-2 1 5 3 3
-1 1 6 3 1
4 1 6 3 2
3 1 6 3 3
4 1 7 3 1
-1 1 7 3 3
-1 2 0 3 1
1 2 1 3 1
3 2 2 3 1
-3 2 2 3 2
1 2 2 3 3
1 2 3 3 1
-2 2 3 3 2
-3 2 5 3 1
-3 2 5 3 2
-1 2 5 3 3
6 2 6 3 1
-3 2 6 3 2
-1 2 6 3 3
-2 2 7 3 2
-1 3 2 3 1
2 3 2 3 2
-3 3 2 3 3
3 3 3 3 1
4 3 3 3 2
3 3 4 3 1
4 3 4 3 2
1 3 4 3 3
-13 3 5 3 1
7 3 5 3 2
-4 3 5 3 3
10 3 6 3 1
1 3 6 3 2
-1 4 2 3 2
1 4 3 3 1
1 4 3 3 2
-2 4 4 3 2
-3 4 5 3 1
-1 4 5 3 2
1 4 5 3 3
8 4 6 3 1
-2 4 6 3 2
1 4 6 3 3
-1 4 7 3 1
-2 4 7 3 2
-1 4 7 3 3
1 5 0 3 1
2 5 0 3 2
1 5 0 3 3
1 5 1 3 1
-1 5 1 3 2
2 5 2 3 1
-1 5 2 3 2
-1 5 2 3 3
-2 5 3 3 1
-1 5 3 3 2
4 5 4 3 2
1 5 4 3 3
-16 5 5 3 2
1 5 5 3 3
-1 5 6 3 1
-11 5 6 3 2
-6 5 6 3 3
-2 5 7 3 1
-3 5 7 3 2
-2 6 0 3 2
1 6 0 3 3
-2 6 1 3 1
-1 6 1 3 2
2 6 1 3 3
-1 6 4 3 1
1 6 4 3 2
-1 6 4 3 3
2 6 5 3 2
-7 6 6 3 1
-4 6 6 3 2
7 6 6 3 3
-5 6 7 3 2
-2 6 7 3 3
1 7 1 3 2
-1 7 3 3 1
1 7 3 3 2
-1 7 3 3 3
-7 7 4 3 1
11 7 4 3 2
6 7 4 3 3
-3 7 5 3 2
-11 7 5 3 3
6 7 6 3 1
14 7 6 3 2
3 7 6 3 3
-9 7 7 3 1
-4 7 7 3 2
1 7 7 3 3
-1 0 0 2 1
-10 0 1 2 1
3 0 1 2 2
2 0 1 2 3
-10 0 2 2 2
-12 0 2 2 3
-6 0 3 2 1
17 0 3 2 3
-1 1 0 2 1
-1 1 0 2 2
7 1 1 2 2
-5 1 1 2 3
-11 1 2 2 1
3 1 2 2 2
10 1 3 2 1
3 1 3 2 3
-3 2 0 2 2
1 2 0 2 3
-1 2 1 2 1
-9 2 1 2 2
1 2 1 2 3
-17 2 2 2 1
-11 2 2 2 2
7 2 2 2 3
3 2 3 2 1
-1 2 3 2 2
-10 2 3 2 3
-11 3 0 2 1
-1 3 0 2 2
-1 3 0 2 3
-13 3 2 2 1
40 3 2 2 2
-14 3 2 2 3
-1 3 3 2 1
-2 3 3 2 2
11 3 3 2 3
-6 0 0 1 1
-7 0 0 1 2
6 0 0 1 3
-38 0 1 1 1
-19 0 1 1 2
-4 0 1 1 3
10 1 0 1 1
-10 1 0 1 2
7 1 0 1 3
-13 1 1 1 1
-7 1 1 1 2
18 1 1 1 3
-57 0 0 0 1
-28 0 0 0 2
-7 0 0 0 3
184 0 0 0 0
